 omega=
    0.6283185307179587E-01
 rk=
    0.6283185307179587E-01
    0.0000000000000000E+00
 radius=
    0.6000000000000000E+02
 nterms=
               3
 itype_mp=
               1
 n=
               1
 m=
              -1
 outgoing ampole=
    0.0000000000000000E+00
    0.0000000000000000E+00
   -0.4154329226050533E+00
   -0.3181591275906520E+00
   -0.4281739582773631E-15
   -0.2960453710660242E-15
    0.5200019845281684E-14
    0.2621395592763371E-14
    0.2413089958933664E-15
    0.3142212752544441E-16
    0.1379675019986631E-15
   -0.4029024553727560E-15
   -0.7430879933883687E-15
   -0.3395025157473964E-15
   -0.2903320818690001E-15
   -0.6559744579871755E-15
   -0.5431947798372295E-16
   -0.6507020354273207E-15
   -0.8504265532858635E-15
   -0.7139167468611900E-15
    0.4631924660961620E-16
    0.4479486995675461E-15
   -0.6052905520039144E-01
    0.8448826469802755E-02
   -0.3944996656760691E-16
   -0.1293439579639956E-15
    0.4481623379755821E-16
    0.1018780734748183E-15
    0.9285486029213438E-16
    0.5437394427457711E-15
   -0.2774434741391162E-15
    0.2559242866994692E-16
 outgoing bmpole=
    0.0000000000000000E+00
    0.0000000000000000E+00
    0.3028522663387447E-15
    0.1160224020753771E-14
    0.8752296781910644E-14
    0.8692855974496115E-14
    0.4616490048402083E-15
    0.3873668287099462E-15
   -0.1067460543983030E-14
    0.1565005509657763E-14
    0.4072562115195800E-01
   -0.3600072513637328E+00
    0.4305554941697996E-15
    0.1056367825760819E-16
   -0.2392700519003380E-14
    0.5915249347459571E-14
   -0.2698437679647485E-15
   -0.4204771972389389E-15
    0.1359267281950775E-15
    0.2124998592448723E-15
   -0.7041693139211369E-15
    0.1846561616782229E-15
   -0.2352841038692946E-15
   -0.6651705936178364E-15
   -0.2329470826664364E-15
    0.7009223097370924E-15
    0.2823866378051435E-15
   -0.5251014846400461E-15
   -0.2288440267597333E-17
   -0.3110464469312663E-15
    0.1430976059596260E-16
   -0.1268352983907443E-15
 itype_mp=
               1
 n=
               1
 m=
               0
 outgoing ampole=
    0.0000000000000000E+00
    0.0000000000000000E+00
   -0.3784733073632451E-16
   -0.9445824516867410E-16
   -0.3359125287537782E+00
   -0.4637253127367952E+00
   -0.9831283206287550E-16
   -0.1011514995752117E-15
   -0.4611294587734455E-16
   -0.1550266867148748E-16
   -0.4708027659105977E-16
    0.9675760009573533E-16
    0.3176047126817872E-15
   -0.4231983716523402E-15
    0.2826378889857438E-15
    0.1753309494987549E-15
   -0.1271151202975883E-16
   -0.4510269010525287E-16
    0.2615066802377755E-16
   -0.9368095020450001E-17
   -0.2471376104724144E-15
   -0.4137563351643455E-15
   -0.3046538271890799E-16
    0.5080624171393170E-16
   -0.4074958456685514E-01
   -0.5008877025691618E-01
    0.1048013831012323E-15
   -0.6942986095330209E-16
   -0.1435455350235072E-15
   -0.4510374946925967E-15
   -0.1923423846697820E-16
    0.1636053950405682E-16
 outgoing bmpole=
    0.0000000000000000E+00
    0.0000000000000000E+00
   -0.1043706820782697E-15
   -0.3474405763651451E-15
    0.3251555644389611E-15
    0.2850947496996282E-15
   -0.1889794101389636E-15
    0.1205243780848391E-15
    0.5146399825090462E-15
    0.1548870218763230E-14
    0.1834916905708601E-15
   -0.2247014854673226E-15
   -0.1384439164120531E-16
   -0.4302763536585081E-16
    0.2415097400223299E-15
    0.3173683353998680E-15
   -0.2530334802868998E-15
   -0.1601424197075435E-14
   -0.6141315058353415E-16
    0.5890304642300089E-17
   -0.4898887839123274E-16
   -0.9865675084245363E-16
    0.1021370291209225E-15
   -0.7476365172102503E-16
    0.1626350271084799E-15
   -0.2711462744608722E-16
    0.1523252549943273E-15
   -0.2951018950611890E-16
    0.7845949452390592E-16
    0.8789821381147525E-16
   -0.1199367619033257E-16
    0.8462156883653380E-16
 itype_mp=
               1
 n=
               1
 m=
               1
 outgoing ampole=
    0.0000000000000000E+00
    0.0000000000000000E+00
    0.4980505498221346E-14
    0.1838101418116891E-14
   -0.2989332615524133E-16
   -0.8192793788730904E-15
   -0.4154329226050593E+00
   -0.3181591275906529E+00
   -0.9372236170658362E-15
    0.3661290415225068E-15
   -0.6137402901980866E-15
   -0.5430783568029480E-15
    0.6698358614933955E-15
   -0.6196754037977445E-15
   -0.4011138423047260E-15
   -0.1116479777725912E-15
    0.6118865101926691E-15
   -0.3408646010446117E-15
   -0.1074824300901340E-15
   -0.4577696994525152E-15
    0.5388346944007982E-15
    0.1719743706942101E-15
   -0.9293418418488524E-15
    0.5846514386492137E-15
   -0.1155836755675145E-15
   -0.2677376800898856E-15
   -0.6052905520039220E-01
    0.8448826469801943E-02
    0.2784513680360815E-15
   -0.2038802744494220E-15
   -0.9993621644778582E-15
   -0.8879089384721720E-15
 outgoing bmpole=
    0.0000000000000000E+00
    0.0000000000000000E+00
   -0.5486298522243895E-15
   -0.3486056627596835E-15
    0.8475453079009715E-14
   -0.1507207465499016E-15
   -0.5674441569849821E-15
   -0.2859870201403014E-14
    0.6970949024850855E-15
   -0.3831334389284683E-15
    0.1549340191158970E-14
   -0.4840714820066351E-14
    0.2374173847621600E-16
   -0.4648035554382057E-15
   -0.4072562115196042E-01
    0.3600072513637276E+00
   -0.1058229738257602E-14
   -0.1447610856670964E-14
   -0.2985961911866164E-16
   -0.5771158293475800E-16
    0.3428631741734319E-15
   -0.3380163029503956E-16
    0.8606108668722521E-16
    0.1016150087804453E-14
   -0.1395526957760964E-15
    0.6180408800397931E-15
    0.7003618098716817E-15
    0.4137469185953963E-15
   -0.5901335938811200E-15
    0.4259071333157629E-17
   -0.3558607011092159E-17
   -0.2183616734157777E-15
 itype_mp=
               1
 n=
               2
 m=
              -2
 outgoing ampole=
    0.0000000000000000E+00
    0.0000000000000000E+00
   -0.1016711229708655E-16
   -0.1473649167906142E-15
    0.8497233602989319E-16
   -0.3838172102419420E-15
   -0.1500848071264315E-15
   -0.3225446661538545E-15
   -0.1776352668834004E-01
   -0.1152717185869464E+00
    0.4605151643335470E-16
   -0.3893965273443699E-18
    0.2118164624540274E-15
   -0.2303164357227063E-16
   -0.1640710871776945E-15
    0.1669414286037690E-15
   -0.1249474903293512E-15
   -0.6262582810352918E-16
    0.2305170728452044E-16
    0.3065093192979426E-17
   -0.7993215762723402E-17
   -0.7172504262821536E-16
    0.3811730804835799E-16
   -0.9083562153969687E-16
    0.1139982142739179E-15
   -0.1955612173118576E-15
   -0.2396035268488997E-17
    0.5383495270869813E-16
   -0.4625065546533817E-16
   -0.5685470191199298E-16
   -0.1444442990455937E-16
    0.1252178956672460E-16
 outgoing bmpole=
    0.0000000000000000E+00
    0.0000000000000000E+00
    0.1068164218499056E-15
   -0.2193444207933899E-15
   -0.9249988560455812E-14
    0.2846557313038087E-14
   -0.1418199487635579E-15
    0.6379361641131730E-16
    0.1119943041976393E-16
    0.3347868478266657E-15
    0.3225162024340761E-15
    0.1450254879422860E-15
   -0.3705023957606394E-15
    0.7139516309688883E-15
   -0.7666371202269866E-16
   -0.2293137851425423E-15
   -0.3204811534763857E-16
    0.3510882127553937E-17
   -0.7116882302141788E-16
    0.2708130325277287E-16
   -0.1641182598619691E-02
   -0.4764641629513300E-01
   -0.4660535514629853E-16
    0.9171270003279336E-17
   -0.1042593579020612E-14
    0.1665544932251273E-16
   -0.1451873887243338E-15
    0.2100857933869749E-17
   -0.2647848233032316E-16
   -0.9545184032670934E-16
    0.1632829120970811E-12
   -0.2461882258206912E-11
 itype_mp=
               1
 n=
               2
 m=
              -1
 outgoing ampole=
    0.0000000000000000E+00
    0.0000000000000000E+00
   -0.1519969056554550E-15
    0.9546060148105841E-17
   -0.2201694406411022E-15
   -0.1685749893035325E-15
    0.1532887947114123E-15
    0.1309668180172258E-16
   -0.7249607771416750E-16
    0.5584613922461939E-16
   -0.9531324597222615E-01
   -0.1616342819652621E+00
    0.1165955019520807E-15
   -0.5379263165165919E-16
   -0.1369268641233062E-15
   -0.6885380234783200E-15
    0.4446878380462411E-16
   -0.4862630600218136E-16
    0.2568036123283377E-16
    0.2459471376299639E-16
   -0.3075177214756182E-16
   -0.1119817309379627E-16
   -0.3705633894458788E-17
    0.8059314659544798E-16
   -0.3354336417184629E-15
   -0.1241464666814897E-15
    0.2368556008191653E-15
   -0.1772610518655705E-15
   -0.2855109055734517E-16
    0.8762162885020749E-16
    0.9070724053291440E-17
    0.1811160667856332E-16
 outgoing bmpole=
    0.0000000000000000E+00
    0.0000000000000000E+00
    0.6736457906872734E-01
   -0.1977284445674986E+00
    0.1380092131188497E-14
    0.6176483803249541E-15
    0.1302131714818901E-15
   -0.7207210204755099E-15
   -0.3667353401550799E-15
   -0.2068567662891063E-15
    0.1629833664575913E-15
   -0.7350884107409581E-15
    0.6561315434782833E-16
    0.3226754280544906E-15
    0.4727260466152484E-15
    0.1453961583381972E-15
   -0.1194484280759225E-15
    0.1923533239908922E-15
    0.2029275958885683E-15
    0.1487869658358401E-15
   -0.7015829409024380E-16
    0.9188455241611709E-16
    0.5516338853816488E-03
   -0.1143535980295558E+00
    0.1164149017902161E-15
    0.4121610827791710E-16
    0.2448550563963984E-15
    0.8684337082784542E-16
   -0.3373162131509588E-16
   -0.1188797422159138E-15
    0.6909562625883654E-16
   -0.8475757405397119E-16
 itype_mp=
               1
 n=
               2
 m=
               0
 outgoing ampole=
    0.0000000000000000E+00
    0.0000000000000000E+00
    0.6192143129386275E-16
    0.6274352183958658E-16
    0.2143082685089888E-16
    0.2903778806361624E-15
   -0.1071733954182542E-16
   -0.5189321338877757E-16
   -0.2724282951219203E-16
   -0.1974269285381595E-16
   -0.6188783126374839E-16
    0.8691739255023907E-16
   -0.6199002607570010E-01
   -0.2348775589797268E+00
   -0.2714754025481359E-16
    0.1313504361954422E-16
    0.2971462535813632E-17
   -0.3599076856280848E-16
   -0.1497555482326039E-17
   -0.2547288907236253E-18
   -0.2604510614572720E-16
    0.8534086629649776E-17
   -0.5536311204010922E-16
    0.1262539857678264E-16
    0.2308113406248683E-16
    0.8680712238771409E-16
    0.9793338713680703E-17
    0.8386883185615348E-16
    0.1619360941813837E-16
   -0.2317439019702396E-17
   -0.9645562785056749E-18
   -0.1914880697122149E-17
 outgoing bmpole=
    0.0000000000000000E+00
    0.0000000000000000E+00
    0.1381787327612292E-15
   -0.1887567296846070E-16
   -0.7878080233330971E-17
    0.2190110892575432E-16
    0.1580078868390337E-15
    0.5232427823372235E-15
    0.4189795347501475E-16
   -0.1013432551610872E-15
    0.2903267315457335E-15
    0.1244707363988711E-15
   -0.7654264839952086E-16
   -0.2873773824904887E-15
    0.1247703946292262E-15
    0.2422279674176406E-15
    0.3880696471742490E-17
    0.1072219763535151E-15
    0.3114476676730299E-16
    0.2361552435035652E-16
   -0.6607959553021198E-16
    0.5216158560383107E-16
    0.1307656458624010E-16
   -0.5142119783834051E-16
   -0.7504445833673230E-17
   -0.3931622500836745E-18
    0.4338630640132220E-17
   -0.4581455061587624E-17
   -0.4477685541831591E-16
   -0.9124120279492276E-17
    0.1696394896206586E-16
   -0.3660594873200408E-16
 itype_mp=
               1
 n=
               2
 m=
               1
 outgoing ampole=
    0.0000000000000000E+00
    0.0000000000000000E+00
   -0.1412560246912565E-16
   -0.1734704280860215E-15
   -0.1292927018671014E-16
   -0.2324359127815438E-15
   -0.9083265211028390E-16
    0.3986681694121310E-16
    0.1060864772466410E-15
   -0.9725170244940740E-16
   -0.4521770065419207E-15
   -0.4911117904821851E-15
    0.1908994003948054E-16
   -0.1372428542154326E-15
   -0.9531324597222639E-01
   -0.1616342819652633E+00
   -0.1024954740281695E-16
    0.5160755962957290E-16
   -0.2360415491341495E-17
   -0.4452806538641823E-19
    0.9345816274367809E-16
    0.2884091756869780E-17
   -0.1325963124713066E-15
   -0.1957735983939260E-15
    0.3260124246758795E-15
   -0.8029928343398109E-16
   -0.2801038688802088E-16
    0.2306588029085371E-15
    0.1104309664907502E-15
   -0.2693946618297486E-16
   -0.2334457060432687E-16
    0.1452006842776514E-16
 outgoing bmpole=
    0.0000000000000000E+00
    0.0000000000000000E+00
    0.2846137633681054E-15
    0.9722804331992240E-15
    0.1507986472566636E-15
   -0.5971546090909704E-15
   -0.6736457906872763E-01
    0.1977284445675004E+00
   -0.1600279548915775E-15
   -0.1442557436218220E-15
   -0.1356035686697739E-15
    0.4386695269197873E-15
    0.4441602961721528E-15
    0.6109213118753715E-16
    0.8417856207005793E-16
    0.4464206004272718E-15
   -0.3025044953264146E-15
   -0.2916544677675771E-15
    0.2238615382176964E-17
    0.1575327781329581E-16
   -0.5518237812016291E-16
    0.3088563723569258E-16
   -0.1912184134195774E-16
    0.6457337252419402E-16
   -0.1016655586346682E-15
    0.1266024255705648E-15
   -0.5516338853816582E-03
    0.1143535980295567E+00
   -0.2584527157171906E-16
   -0.2040164669281738E-15
   -0.5522491319013251E-16
   -0.2030827017600675E-15
 itype_mp=
               1
 n=
               2
 m=
               2
 outgoing ampole=
    0.0000000000000000E+00
    0.0000000000000000E+00
    0.1467926462140169E-15
    0.3940555888449398E-16
   -0.1515003956563130E-15
    0.2568921334267838E-15
   -0.2873123594173216E-16
    0.1714658224677182E-15
   -0.4250146993948912E-16
   -0.1020519589809833E-15
    0.7598999931696627E-16
    0.1532174213990357E-15
   -0.2056883091909098E-15
    0.3169681312195251E-16
    0.1345351626166632E-15
    0.7151728957577263E-16
   -0.1776352668834020E-01
   -0.1152717185869469E+00
    0.3242397890107044E-17
    0.1283237583235171E-16
    0.6199119950925943E-16
   -0.3499507340289110E-16
    0.3156562319545507E-16
    0.7833943326980303E-18
   -0.1754309737922242E-15
   -0.6096492725187334E-16
    0.5997926394808086E-17
    0.9370989545337241E-16
    0.1374298078861763E-16
   -0.2836003051349428E-16
    0.3014848307182628E-16
   -0.8513073235020139E-17
 outgoing bmpole=
    0.0000000000000000E+00
    0.0000000000000000E+00
    0.7858244495257276E-16
   -0.1799249510684027E-15
    0.9012303231504460E-14
   -0.2184685942759378E-14
    0.4020190099949723E-16
   -0.2219271288406511E-16
   -0.1126538385467151E-15
    0.1400599866766206E-15
   -0.7099365343766884E-16
   -0.5171494061753390E-16
   -0.7227993535484272E-15
   -0.3725648383734548E-15
    0.4575010062180657E-15
   -0.5573051873882780E-16
    0.2420464844524369E-16
   -0.1084664615453302E-15
   -0.1632819198629115E-12
    0.2461872227996011E-11
    0.1214304018268080E-16
    0.5536439611769321E-16
   -0.6589431383548905E-16
   -0.7099087126957021E-16
    0.1461683972468844E-14
    0.1515352797640114E-15
    0.1517022633531624E-16
   -0.8220352451169477E-16
    0.1641182598619681E-02
    0.4764641629513310E-01
    0.3473964897014282E-17
   -0.2292185493883965E-16
 itype_mp=
               1
 n=
               3
 m=
              -3
 outgoing ampole=
    0.0000000000000000E+00
    0.0000000000000000E+00
   -0.2749643483502967E-16
    0.3891999029643217E-16
   -0.2122660501181212E-17
    0.4047209232446137E-16
    0.3293188174481833E-16
   -0.2487928408173957E-16
    0.6078876785831998E-17
    0.2523413089658976E-18
    0.3334187701673918E-17
    0.4806676919495858E-17
   -0.7769284670303239E-17
    0.9623051299912458E-17
   -0.2316074687269409E-16
   -0.1692743300577120E-16
    0.1927073582253962E-18
    0.2309020286042375E-16
   -0.3167633367825084E-03
   -0.9768048442913749E-02
   -0.2591348819336843E-17
   -0.5686791721046153E-17
    0.8047233964003981E-17
    0.1131835473017265E-16
   -0.9913359840359086E-17
   -0.3008694097845202E-17
    0.1212308347689632E-16
   -0.2425240676830233E-16
    0.3403694715839482E-12
    0.5284972380032684E-12
    0.3185314956780305E-17
   -0.8778810415864828E-18
 outgoing bmpole=
    0.0000000000000000E+00
    0.0000000000000000E+00
   -0.2199838914302159E-16
    0.3322657755034359E-16
    0.1671505192370284E-16
   -0.2847816565122119E-15
   -0.1181600167300885E-16
   -0.3560234846946027E-16
    0.1317415448262319E-16
    0.8519935024609575E-17
   -0.1184898641594754E-16
   -0.2334819544834001E-16
   -0.5842381796801002E-16
   -0.2651186834750685E-16
    0.4624145290931959E-16
   -0.1251261376232235E-16
    0.1821593161830362E-11
   -0.4761790798250949E-11
   -0.8572108200351182E-18
   -0.1572914785536337E-17
    0.1095540217557354E-16
    0.1024320058184193E-16
   -0.2091560409613185E-16
    0.1745821516938796E-16
    0.6660349918447910E-17
   -0.3388326285227996E-16
   -0.9095308788701545E-17
   -0.1029741942024500E-16
   -0.2377359348585713E-17
    0.9450235858400736E-17
    0.4155866941296633E-17
   -0.8168368626712228E-17
 itype_mp=
               1
 n=
               3
 m=
              -2
 outgoing ampole=
    0.0000000000000000E+00
    0.0000000000000000E+00
    0.7412926389130227E-16
   -0.5995261265030902E-16
   -0.5022674820092444E-16
    0.1538771162578095E-15
   -0.7433348573038904E-16
    0.1766157761280002E-16
    0.1176172264346902E-16
   -0.4829592354046777E-16
    0.6252109552558516E-16
   -0.1396031760761169E-16
    0.8063802577579877E-16
   -0.1427040094285173E-15
   -0.4526373483557804E-19
    0.1189799537706975E-16
   -0.2426130836863716E-17
   -0.1460892392141548E-16
   -0.7482841738416743E-17
    0.6306519665018375E-17
   -0.3999971643214520E-02
   -0.1835161731378219E-01
    0.3329639926897293E-17
   -0.2422405005498926E-16
    0.1233795546884048E-15
   -0.1105225640250747E-16
   -0.7364647747133911E-16
   -0.3810567109525310E-17
    0.2742757617458831E-16
   -0.2976093240600889E-16
   -0.5003821927596629E-12
   -0.1353045864607890E-11
 outgoing bmpole=
    0.0000000000000000E+00
    0.0000000000000000E+00
    0.7435515453961884E-16
    0.1206785476497667E-15
   -0.1735323848294489E-16
    0.9434393016175957E-15
    0.3122598467449024E-16
    0.4443549309007361E-16
    0.1992861708649014E-01
   -0.5189904038677406E-01
   -0.7381755405778919E-16
    0.1350211993580108E-15
   -0.1978645849813688E-15
    0.3948110544901861E-17
   -0.8431504881658933E-16
   -0.1026664971113869E-15
    0.1091237286949218E-15
   -0.1191327590031921E-15
   -0.1980328526481039E-16
    0.1563016687493096E-17
   -0.5928693211738064E-17
   -0.3318444375461898E-16
    0.7898959117735413E-16
    0.5677607891159004E-16
    0.1293262751455994E-15
    0.1146252454091491E-15
   -0.3116362665681782E-16
   -0.1197586933221536E-16
   -0.3243915709938742E-16
   -0.4590703095353971E-16
   -0.1118733868918138E-16
   -0.2073384023895671E-17
 itype_mp=
               1
 n=
               3
 m=
              -1
 outgoing ampole=
    0.0000000000000000E+00
    0.0000000000000000E+00
   -0.6052905519266850E-01
    0.8448826444866770E-02
   -0.2215774852151777E-16
   -0.1450148407989855E-15
    0.5634183597462490E-15
    0.7188805360234100E-16
   -0.2198180314089508E-16
    0.3081673844782672E-16
    0.4462490623754399E-16
   -0.5563132374546473E-16
   -0.8318396372641020E-16
   -0.3602664248031115E-16
    0.7718376344421380E-16
    0.2932197850940748E-16
   -0.5554157207266723E-16
   -0.7732308586207651E-16
   -0.1385586926559121E-15
   -0.1694977060540932E-16
    0.1230758937474560E-16
    0.8555996203426572E-17
   -0.1955110671040426E-01
   -0.3779544052786744E-01
   -0.1834719813175267E-16
   -0.3682869606540151E-16
   -0.4431137729412025E-18
    0.7250027103002771E-16
    0.1001603254384546E-16
    0.3421531729001437E-18
   -0.2630654969215043E-16
    0.2404787059772365E-16
 outgoing bmpole=
    0.0000000000000000E+00
    0.0000000000000000E+00
   -0.1443083841148614E-16
   -0.4125263092211585E-17
   -0.3376950695414679E-15
    0.3528958301716667E-14
    0.1662276954800024E-15
   -0.3081170914395610E-17
   -0.6271869633962949E-16
    0.3599554372632394E-16
    0.6502604606779366E-01
   -0.9258360592394435E-01
    0.8358403414867148E-16
    0.8910642381154266E-16
   -0.1088747982170384E-16
    0.6917831550492210E-15
   -0.8455212164053311E-16
   -0.1789840432187354E-15
    0.5655351883950696E-17
    0.2725881527492707E-16
   -0.1058961662480475E-15
   -0.3280118672322305E-16
    0.5819038336388753E-17
   -0.8918531432810892E-16
   -0.1549561159509881E-15
    0.3434921983040798E-15
    0.1219019525679113E-15
    0.1577188021850343E-16
   -0.3674409407874813E-16
   -0.5332142868156826E-16
    0.6735682470041875E-17
   -0.3828477316660310E-16
 itype_mp=
               1
 n=
               3
 m=
               0
 outgoing ampole=
    0.0000000000000000E+00
    0.0000000000000000E+00
    0.6900761344110069E-16
   -0.5728116280376684E-16
   -0.4074958457171948E-01
   -0.5008877026275581E-01
    0.7503828381430047E-18
   -0.9732216620682874E-16
   -0.1256976859061799E-16
   -0.2023813278830467E-17
    0.5053166312388893E-17
   -0.1080611478062676E-16
    0.2703804588916228E-16
    0.1166780574400846E-15
   -0.6686512999221667E-17
    0.3731722070706812E-16
    0.8740823120671849E-18
   -0.1241176016874663E-16
    0.2515280598293718E-17
   -0.2131735987022211E-17
   -0.1918199235128268E-16
    0.1018573142205438E-16
   -0.9756662247688046E-17
   -0.6175162540918850E-17
   -0.8581794065692224E-02
   -0.5903503311707846E-01
    0.1498416884371965E-16
    0.1957364939020719E-16
   -0.3499975493574939E-16
    0.5646463659424028E-18
   -0.1701743881892386E-17
    0.1580258104219768E-17
 outgoing bmpole=
    0.0000000000000000E+00
    0.0000000000000000E+00
    0.5674488652694568E-16
    0.9637804816320154E-17
    0.8341894401483306E-16
   -0.5853452545210328E-16
    0.4635199058800789E-16
   -0.1039567810703642E-17
    0.6093641002886227E-16
    0.5299388189118598E-17
    0.1708947824654722E-15
   -0.5899928536275916E-16
   -0.7751058995366023E-17
   -0.3838845789053902E-16
   -0.3494322877043758E-16
    0.1288133664056452E-15
   -0.1459475091508221E-15
   -0.4368236653928045E-16
   -0.1228367342974382E-17
    0.8110949626205304E-17
   -0.2534213385963050E-16
   -0.2937340849180784E-16
    0.7239090373455398E-16
   -0.3737473668218425E-16
    0.2187104589460778E-17
   -0.1370202742689428E-16
    0.8434739152073602E-16
    0.1587061040253272E-16
   -0.6264506251567267E-17
    0.3431486005438977E-16
    0.6106066459882536E-17
    0.3532283420620404E-18
 itype_mp=
               1
 n=
               3
 m=
               1
 outgoing ampole=
    0.0000000000000000E+00
    0.0000000000000000E+00
    0.6142075071773439E-15
   -0.2115990788197048E-15
    0.5059608101601899E-16
   -0.4642010020319192E-16
   -0.6052905519266844E-01
    0.8448826444866657E-02
   -0.7428105256237620E-16
    0.5431032893093704E-16
   -0.1760791387043585E-17
   -0.9019264644113119E-16
    0.1731385207821769E-15
   -0.2605101825293681E-16
    0.9214754755628764E-16
   -0.3371500856135303E-16
    0.4118074264112477E-16
   -0.8774797673414865E-17
   -0.8463820165398889E-17
   -0.3102506666002061E-16
    0.1735104485040558E-16
   -0.9501023802009095E-17
   -0.5651145192282318E-16
   -0.7869014695992976E-17
    0.5895881016724721E-16
   -0.1929148671693399E-16
   -0.1955110671040424E-01
   -0.3779544052786768E-01
    0.1894287971659349E-16
   -0.1451917224861798E-16
   -0.1367261199943427E-15
   -0.5307859757220877E-16
 outgoing bmpole=
    0.0000000000000000E+00
    0.0000000000000000E+00
   -0.9631641243917011E-16
   -0.4761659299530544E-16
    0.1228809172669739E-14
    0.2687798026799490E-14
   -0.6780566331925523E-16
   -0.1667840020295530E-15
    0.1371147674764298E-15
   -0.3829437699686667E-16
   -0.1795398347996716E-15
   -0.3658022437773819E-15
    0.3270620510943243E-16
   -0.9940515406098798E-16
   -0.6502604606779380E-01
    0.9258360592394480E-01
    0.4389283488078098E-16
   -0.1024112331883366E-15
   -0.1284321023696660E-16
   -0.2216063769608175E-16
    0.2966695397783077E-16
   -0.3496617831329933E-16
   -0.3111734970451363E-16
    0.1833010853044869E-15
   -0.1449659388443286E-16
    0.2590897787085467E-15
    0.2555656812825242E-16
    0.1265909223755415E-15
   -0.8326246634453964E-16
   -0.6192741028011319E-16
    0.3156921125599574E-16
   -0.1434992814788672E-16
 itype_mp=
               1
 n=
               3
 m=
               2
 outgoing ampole=
    0.0000000000000000E+00
    0.0000000000000000E+00
   -0.5629095172519774E-16
    0.6015026027968192E-16
   -0.1905803338668007E-15
    0.2792324082265422E-15
    0.4560792113131950E-16
    0.8042605934378358E-17
    0.1709674398554329E-16
   -0.6699661418649377E-17
    0.3891910749309318E-16
    0.1344493434314666E-16
   -0.7140648438092100E-16
   -0.1317813244797192E-15
   -0.3389376286169070E-17
    0.5514032457928730E-16
   -0.1679477174037543E-16
    0.1315537484795736E-16
   -0.5003855144075445E-12
   -0.1353049266142786E-11
    0.1669183152072573E-16
   -0.1185061492059182E-16
    0.1269616997779181E-16
    0.5116744203766100E-16
   -0.3753025720373663E-16
   -0.4388828041810028E-16
    0.3268258343221032E-16
   -0.2963303292832042E-17
   -0.3999971643214507E-02
   -0.1835161731378221E-01
    0.7060273206819349E-17
    0.1631328277380442E-16
 outgoing bmpole=
    0.0000000000000000E+00
    0.0000000000000000E+00
   -0.1252093351500194E-16
    0.4995489827574764E-16
   -0.4660015998240665E-15
   -0.8378014489768605E-15
    0.1959684304156798E-15
    0.1154122512100521E-15
   -0.8590569992375450E-16
    0.5163808322380895E-16
   -0.7805599989475401E-17
   -0.4771059817509990E-16
   -0.2186253373463566E-15
   -0.1551753186952214E-15
    0.1312805609735802E-15
    0.1666122767164068E-16
   -0.1992861708649001E-01
    0.5189904038677413E-01
   -0.3661159332305036E-18
   -0.2583958685324828E-16
   -0.5345109376593471E-16
    0.5765769180365500E-17
   -0.6372328641197762E-17
   -0.3637545680567823E-16
   -0.3640084408957833E-16
   -0.1051755847104995E-16
    0.9474365816333177E-16
    0.2051113888489986E-16
   -0.2074557082271877E-16
    0.7676552867446237E-16
   -0.2398266353291176E-16
   -0.3450110815125274E-17
 itype_mp=
               1
 n=
               3
 m=
               3
 outgoing ampole=
    0.0000000000000000E+00
    0.0000000000000000E+00
    0.1868231228560517E-16
   -0.1905101643771590E-16
    0.4001148299443834E-16
    0.1048930876420222E-16
   -0.4786853971793042E-17
   -0.3373245061520220E-17
   -0.6391270457537607E-18
    0.3880535962044491E-17
    0.1797071929114514E-16
   -0.1257335330720662E-16
    0.7617616381502819E-17
   -0.1854141152237882E-17
    0.2053421967787924E-16
   -0.6156135453801944E-17
   -0.9854894182863130E-17
    0.8132972894351516E-17
   -0.4754431012797344E-18
    0.1935780397382371E-18
    0.3403621609197925E-12
    0.5284940465354399E-12
   -0.1719540394657970E-17
   -0.2539676734808674E-16
    0.1150720776567606E-16
   -0.1007614342574590E-16
   -0.1438755429625921E-16
   -0.3131611086991639E-17
    0.1709160767520733E-18
   -0.2858978677037098E-17
   -0.3167633367825073E-03
   -0.9768048442913660E-02
 outgoing bmpole=
    0.0000000000000000E+00
    0.0000000000000000E+00
   -0.3617524770904143E-16
   -0.7044014911992917E-17
    0.3047049227762761E-15
   -0.6941659215160087E-16
   -0.6366456661412650E-17
   -0.1899461065467759E-16
   -0.1821580486053894E-11
    0.4761795711640065E-11
   -0.3074028232834676E-16
    0.3444067290600427E-16
    0.5679935281779984E-16
   -0.8634838567083437E-16
   -0.4268552105986074E-16
   -0.1360844022217447E-16
    0.2366453331147873E-16
    0.2451598375612812E-17
    0.2889234755109816E-17
    0.7364059545969787E-17
   -0.1707235852877516E-17
   -0.7448185019457232E-17
   -0.1312506526665198E-16
    0.5867197933692388E-17
    0.3803742772198741E-16
   -0.1539622399009814E-17
   -0.1482352873159152E-16
   -0.1517195181456973E-16
    0.1138037835264091E-16
   -0.2036573799821348E-17
   -0.1333517914923610E-17
    0.8849434682984169E-18
 itype_mp=
               2
 n=
               1
 m=
              -1
 outgoing ampole=
    0.0000000000000000E+00
    0.0000000000000000E+00
   -0.2526144429686584E-16
   -0.4007631821178320E-15
    0.8135829966975889E-16
    0.1263731374669739E-15
   -0.2596142173951405E-15
    0.5987653774136182E-17
    0.3211983108070430E-15
   -0.1193665681299432E-15
    0.6736457908298267E-01
   -0.1977284445804255E+00
    0.3330298016659087E-15
    0.1446166162382512E-15
    0.8358012306236357E-15
   -0.1456708974379380E-14
    0.9493742012043230E-16
   -0.1661770814219002E-15
    0.5266382044886839E-16
   -0.8818616820968456E-17
    0.1073326210386687E-15
    0.2326855588651642E-16
   -0.6914126451630077E-16
    0.1895394819785131E-15
    0.1689295017231785E-16
    0.8050412056024352E-16
   -0.6709764166557566E-16
    0.1185394081529243E-15
   -0.1107519056318982E-15
   -0.4224556397764684E-16
    0.2308182960451149E-16
    0.5327220570751538E-16
 outgoing bmpole=
    0.0000000000000000E+00
    0.0000000000000000E+00
   -0.2823186161875451E+00
    0.3889477112169135E+00
    0.1221468101122080E-15
    0.7200099090101439E-15
    0.3145446380920318E-14
   -0.7021122216315881E-15
    0.3356848460837346E-15
    0.2254908721620792E-15
   -0.2457251527176320E-15
    0.4861025503238151E-16
    0.9837025173217282E-15
   -0.4374896201298003E-15
   -0.6677904329085679E-16
    0.2749167304732238E-15
   -0.4179287312605840E-15
    0.1383272577351105E-17
   -0.2378313927765309E-15
    0.5291832730117645E-15
    0.1950472117556337E-15
   -0.3125434138780330E-16
   -0.1207089748529110E-01
   -0.2473038022095033E-01
   -0.1781185749271275E-15
    0.2756159374693216E-15
   -0.2794312463028420E-15
    0.1239868932900628E-15
    0.1637975786523050E-15
   -0.1627452235689942E-15
    0.6929396274233002E-16
    0.1125787200080518E-15
 itype_mp=
               2
 n=
               1
 m=
               0
 outgoing ampole=
    0.0000000000000000E+00
    0.0000000000000000E+00
   -0.7136396451622865E-15
    0.1498069062970464E-16
    0.2254313160650115E-15
   -0.1263301548896140E-15
   -0.1575264896755911E-16
   -0.2701873603992101E-15
    0.2815736435150587E-14
   -0.2062898211359316E-14
   -0.4634127063266253E-15
   -0.7841823758339103E-16
   -0.1096239564598592E-15
   -0.6926123015164016E-16
    0.2615316988969442E-16
   -0.5347266622535797E-15
   -0.3085891598869889E-14
    0.1709242002835491E-14
   -0.8795591610123540E-16
    0.2400958962102302E-15
   -0.2355888496058311E-15
    0.1768193666277208E-16
   -0.1307124536514440E-15
   -0.1079554994316410E-15
    0.1381204180682509E-16
   -0.1284074528455358E-17
    0.3902617992511451E-16
   -0.1576837023642724E-15
    0.1231493080098055E-15
   -0.6804385001411641E-16
    0.3036191243681318E-15
    0.1375775465556460E-15
 outgoing bmpole=
    0.0000000000000000E+00
    0.0000000000000000E+00
   -0.5560025976857875E-15
   -0.9062137854513173E-15
   -0.8483070783770988E+00
    0.3411269132864062E+00
   -0.7004121029103879E-15
    0.3332857611309837E-15
   -0.4573439207269578E-15
   -0.1101765318678062E-15
   -0.1196009774960859E-15
   -0.7305978777353825E-16
    0.6058706067116852E-16
   -0.4086525547938544E-15
    0.1030627153008962E-15
    0.2638052192405386E-15
   -0.3197134890940915E-15
   -0.2110895140317922E-16
    0.6847659385688898E-16
   -0.1222983312671186E-15
   -0.1155967303562850E-14
    0.5865381231427208E-15
    0.2493012017825733E-15
    0.3309705692470532E-15
   -0.7379320737552021E-01
   -0.9334351889306298E-03
    0.2435292730425471E-15
   -0.3139890712246729E-15
   -0.1327828782436135E-14
   -0.4362824801943862E-16
    0.1372579421270444E-15
    0.4905409109896371E-16
 itype_mp=
               2
 n=
               1
 m=
               1
 outgoing ampole=
    0.0000000000000000E+00
    0.0000000000000000E+00
   -0.4562156445564937E-16
   -0.3693250036225877E-15
    0.1646957909223047E-15
    0.1643323969660360E-15
    0.2398284544390283E-15
   -0.3301924182311565E-15
   -0.1225157149014412E-16
    0.2723451510983571E-15
   -0.8666586315282887E-15
    0.1346254974746967E-14
    0.1888858864882632E-15
   -0.2679798223451245E-15
   -0.6736457908298299E-01
    0.1977284445804253E+00
   -0.1866449570912734E-16
    0.2631915505376658E-15
    0.6701980783785456E-16
   -0.2409732096051536E-17
   -0.2624049995142405E-16
   -0.1015290183849042E-15
    0.2116244393519885E-15
   -0.1702200531983192E-15
    0.6750893439088866E-16
    0.2374334357319599E-16
    0.2913400827724307E-16
   -0.1793281760112443E-15
    0.7627335243716628E-16
   -0.1819093859679909E-16
    0.6934386788259939E-17
    0.9188468617419876E-16
 outgoing bmpole=
    0.0000000000000000E+00
    0.0000000000000000E+00
    0.2731681592245212E-14
   -0.1603469197634401E-14
   -0.1006609177342491E-14
    0.2484572417904971E-14
   -0.2823186161875454E+00
    0.3889477112169114E+00
   -0.1825315215574330E-15
    0.4042256973230557E-15
   -0.2012599001263638E-15
   -0.5367391867901951E-15
   -0.1752006156239801E-15
    0.5386292419873601E-15
   -0.3435395486649894E-15
   -0.1740049253803566E-15
   -0.4295153913267692E-16
   -0.3241868943773098E-15
   -0.1079603209643082E-15
    0.4265228886447097E-16
    0.1662677158980367E-16
   -0.3467281273189623E-15
    0.1621274217413979E-15
    0.5941761108800612E-15
   -0.4485602950201530E-15
    0.3834416175486255E-15
   -0.1207089748529116E-01
   -0.2473038022094985E-01
   -0.6664127246674142E-16
   -0.1642890593475765E-15
   -0.2590148842146702E-15
    0.5626714546182293E-15
 itype_mp=
               2
 n=
               2
 m=
              -2
 outgoing ampole=
    0.0000000000000000E+00
    0.0000000000000000E+00
   -0.4345143053612346E-15
    0.6071961493009896E-15
   -0.1084165323286061E-14
   -0.2676467968237172E-14
    0.2419373378577979E-16
   -0.6957153751340210E-16
    0.1039374129001391E-15
    0.9876354329485530E-16
   -0.2136259952860299E-15
   -0.2613668762908188E-15
   -0.7929682011513143E-16
    0.5586296064096963E-15
   -0.3527776308300606E-15
    0.1265997771605478E-15
    0.1094815248754727E-15
    0.1518406762160698E-15
    0.1065196929215390E-15
   -0.2640459436601118E-16
    0.1992861709472397E-01
   -0.5189904041005258E-01
    0.3751561069379427E-16
    0.7136536714661705E-16
   -0.9119329867555510E-15
    0.4748305962721722E-15
    0.3858674541177095E-15
   -0.1464568599258040E-15
   -0.3947768124212798E-16
    0.2496045651117904E-15
    0.1972819850920742E-11
   -0.6057538827538218E-11
 outgoing bmpole=
    0.0000000000000000E+00
    0.0000000000000000E+00
   -0.6256282804706477E-15
   -0.2107114601897730E-15
   -0.9711371761236134E-16
   -0.1111517245889659E-14
   -0.8498290826866803E-15
    0.2786619567598556E-15
   -0.1437574783466648E+00
    0.3390225590172049E+00
    0.3008919078938564E-15
   -0.6433349613085853E-15
    0.6683197403893344E-15
    0.3986752719662674E-15
    0.7922476196137664E-15
    0.2735594604669485E-15
   -0.1376779425034738E-15
    0.6124951629674794E-15
    0.1992041989208643E-15
    0.1517529309144973E-15
    0.1554065596668046E-16
   -0.1999111906373150E-15
   -0.1522901033704656E-15
   -0.1507663012085648E-15
   -0.6950647758248004E-15
   -0.7520499988728825E-16
    0.2748355125660365E-15
   -0.6368746599770762E-16
    0.1345244619701299E-15
    0.2035829034822635E-15
    0.2235805392397337E-15
    0.7280859009617059E-16
 itype_mp=
               2
 n=
               2
 m=
              -1
 outgoing ampole=
    0.0000000000000000E+00
    0.0000000000000000E+00
    0.4072562115365361E-01
   -0.3600072514074547E+00
   -0.5860786908838164E-15
    0.1336285610397815E-14
   -0.1859263016701014E-15
    0.3876063519819461E-14
    0.2327175002950659E-15
    0.1690496699837467E-15
    0.5415383197538849E-16
    0.6667752625719601E-15
    0.2105793072050876E-15
    0.8700864766387448E-15
   -0.1916823078480861E-14
   -0.3507252468249864E-15
    0.6593502979554800E-15
   -0.4106525056309158E-15
   -0.6488829255166709E-16
   -0.9249768608666320E-15
   -0.7751946947757768E-16
    0.1263793438419632E-15
    0.6502604611195097E-01
   -0.9258360596752059E-01
   -0.1050465349133087E-15
    0.2548601876565881E-15
   -0.2338169382231229E-15
   -0.6406641869403555E-15
    0.2709018478939546E-16
    0.2116653158217455E-15
   -0.1272418828315826E-15
   -0.1300171356374013E-15
 outgoing bmpole=
    0.0000000000000000E+00
    0.0000000000000000E+00
    0.9021740773720910E-15
    0.2638466976216630E-15
    0.2283377577709530E-14
   -0.3500381797123806E-14
   -0.9988393308882446E-15
   -0.2367393917978144E-15
    0.1232743586387079E-14
    0.7532167973708663E-15
   -0.4905169976479196E+00
    0.3070036159076653E+00
    0.3364762659013326E-15
   -0.6069834739511416E-16
   -0.1510844401242732E-14
   -0.8993491066873173E-15
    0.1087384291776189E-14
   -0.3430254896055329E-15
    0.1616736073219235E-15
   -0.1106903769143321E-15
    0.1799171930996661E-15
    0.3931259166741325E-15
   -0.3589731179114885E-16
   -0.5449935585194661E-15
   -0.3270308052064473E-15
    0.6877316227555754E-15
   -0.1221616626095961E-14
   -0.4624684871033397E-15
    0.4274993895199081E-15
    0.1234405182780759E-16
    0.1166889453479322E-15
    0.2584414800383307E-15
 itype_mp=
               2
 n=
               2
 m=
               0
 outgoing ampole=
    0.0000000000000000E+00
    0.0000000000000000E+00
   -0.1595915827306605E-14
    0.1270395925470003E-15
   -0.2904444241258577E-15
    0.3590199699341580E-15
    0.3136972143152793E-15
   -0.1726174336352834E-14
   -0.6954040954776372E-15
    0.6366556037214033E-16
   -0.9574359770209338E-15
   -0.8586683716385614E-15
    0.2632005623980364E-16
    0.4302728591993945E-15
   -0.4476282725069821E-15
   -0.1374111407010573E-14
    0.6357883296491068E-15
   -0.2930956393718215E-15
    0.3210633811105178E-15
   -0.2988636445920700E-15
    0.3867430550671294E-15
    0.5749576540899404E-15
   -0.1898520931041145E-15
   -0.1530923806258078E-15
   -0.5005149912577304E-16
    0.1272236188102065E-15
    0.3286974225338900E-15
   -0.2856858406767608E-15
   -0.1401840882949088E-16
    0.4906418074523095E-15
   -0.3855995151464668E-15
   -0.1890224650705511E-15
 outgoing bmpole=
    0.0000000000000000E+00
    0.0000000000000000E+00
   -0.2179276551923897E-15
   -0.1389603079840166E-14
   -0.3309030267661355E-14
    0.1669122800426125E-14
   -0.1022300391405894E-14
    0.1182202292681310E-14
   -0.2006944779635477E-15
    0.1026912370061717E-14
   -0.1326485630595379E-14
    0.2958180625820420E-15
   -0.9552322493194602E+00
    0.1386302087015237E+00
   -0.5990946898106784E-15
    0.1847382356371328E-15
    0.3546468197664859E-15
   -0.1291490135854531E-14
    0.3034061318033049E-16
   -0.5414206126420194E-16
   -0.4146484480658212E-15
    0.5392701572114681E-15
    0.2162026039647672E-15
    0.1625535214863513E-15
   -0.1077863284516778E-14
    0.4460136481517088E-17
    0.6001264996526454E-15
    0.2200523755680286E-16
   -0.5137330107566735E-15
   -0.4449901313108050E-15
    0.5077157161916402E-16
    0.6058909379400984E-16
 itype_mp=
               2
 n=
               2
 m=
               1
 outgoing ampole=
    0.0000000000000000E+00
    0.0000000000000000E+00
   -0.3167448729302557E-14
   -0.5685723903528601E-14
    0.1233922369609180E-14
   -0.9214224003560716E-15
   -0.4072562115365540E-01
    0.3600072514074557E+00
    0.4230194568423045E-15
    0.2389959441387427E-15
    0.7186126185858343E-16
   -0.4435788230395368E-15
    0.5706416706788103E-15
    0.9488310363862961E-15
    0.4350386370413631E-15
    0.3828327507608844E-15
    0.1449509579391821E-16
    0.1413551126781542E-15
   -0.7992666017007757E-16
    0.6727582080616217E-16
   -0.1730624124337093E-15
    0.4917353706589093E-16
   -0.5843730078264190E-16
   -0.5607870707637268E-15
    0.6124319756497007E-16
   -0.1752378538739157E-15
   -0.6502604611195126E-01
    0.9258360596752153E-01
   -0.3463307053067181E-16
   -0.6463853946158142E-16
   -0.1469633750294546E-15
    0.7505293299940447E-15
 outgoing bmpole=
    0.0000000000000000E+00
    0.0000000000000000E+00
   -0.9461768480201928E-16
    0.3054657922480217E-15
    0.1289979204564038E-14
    0.5576937278638997E-15
    0.5916584360121057E-15
   -0.3964127272632805E-15
    0.3143204167445745E-15
   -0.1183402477196477E-14
   -0.2892049185657754E-14
    0.1011575775424426E-14
   -0.2735650248031458E-15
   -0.2216503459174225E-14
   -0.4905169976479214E+00
    0.3070036159076678E+00
    0.1288891590850401E-14
   -0.4306830458764757E-15
   -0.1296060167975944E-15
   -0.2371943297851748E-15
   -0.2066731431945960E-15
   -0.3251156034899292E-15
   -0.1357138388322988E-15
    0.6299320805063143E-15
    0.7522554512863206E-15
   -0.1127087917169866E-14
    0.1099584660672671E-15
   -0.3305814937391049E-16
   -0.4771953321495514E-17
   -0.5970438573993515E-15
    0.1804430763735418E-15
    0.8282749843877185E-16
 itype_mp=
               2
 n=
               2
 m=
               2
 outgoing ampole=
    0.0000000000000000E+00
    0.0000000000000000E+00
    0.2253663166364324E-17
    0.5630919900269853E-15
    0.1233856453626535E-14
    0.2967426251941297E-14
    0.1922199939350881E-15
   -0.1745313971897916E-15
    0.2307307647564731E-15
   -0.2402629006882775E-15
    0.1313054934800026E-16
   -0.1006682583777709E-15
   -0.5878978007944661E-16
   -0.4592197440642337E-15
    0.3047116106803594E-17
    0.4134943833372119E-16
   -0.1938796642123926E-16
    0.1657538708515108E-15
   -0.1972858404333640E-11
    0.6057521881673349E-11
    0.2302646445934854E-15
   -0.9457127074768137E-16
    0.2015252761603880E-16
    0.3973899103046954E-15
    0.2213649168717950E-15
   -0.8082298377596408E-15
    0.2555789500842254E-15
    0.2092490028280760E-16
   -0.1992861709472412E-01
    0.5189904041005324E-01
    0.2266782159014068E-16
    0.1033842296017954E-15
 outgoing bmpole=
    0.0000000000000000E+00
    0.0000000000000000E+00
   -0.7328273574405817E-16
    0.3605706976872840E-15
   -0.7089460825335724E-15
   -0.1663618387849430E-14
   -0.1543084593195641E-15
    0.7623294679585680E-15
   -0.9681243020857161E-15
   -0.4102825040254129E-15
    0.5380455217189721E-15
   -0.3146058564908485E-15
   -0.1136455316648291E-14
    0.2263828780570896E-15
    0.7938471522575542E-15
   -0.3206341727218110E-17
   -0.1437574783466656E+00
    0.3390225590172091E+00
   -0.1199431724683865E-15
   -0.3098050114237132E-15
   -0.3163252363758084E-15
    0.1212357436905603E-15
   -0.1206546049531485E-15
   -0.3347309904517622E-15
   -0.8821639753614095E-16
    0.4216581205903465E-15
    0.1537694677536852E-15
    0.8273472383332872E-16
   -0.6183892930909151E-16
    0.2048208612796933E-15
   -0.2205848397395223E-15
   -0.1637351938830163E-15
 itype_mp=
               2
 n=
               3
 m=
              -3
 outgoing ampole=
    0.0000000000000000E+00
    0.0000000000000000E+00
   -0.1028338552231667E-15
   -0.2530884816100806E-16
   -0.1293547656169941E-16
    0.2341307881859427E-15
    0.5950929155234124E-16
    0.1311249200697543E-15
   -0.7683492236723038E-17
   -0.1939759700311917E-17
    0.2034416549480248E-15
   -0.4602020634159845E-15
    0.5716884614259238E-16
   -0.1629570963703522E-15
    0.2629726688128285E-16
    0.1201987574108328E-15
   -0.1111560219100945E-11
   -0.7971003119136122E-11
    0.9259581268734898E-17
   -0.1675258444141816E-16
   -0.1342963241860414E-16
    0.1400768134432942E-16
    0.1935656002366422E-16
    0.3152303462225280E-17
    0.6493494737055199E-16
   -0.3373766718038716E-16
    0.7509719087346592E-16
    0.6958499357641764E-16
    0.6635892754808195E-16
   -0.1178430100765414E-16
   -0.5041021078573672E-17
    0.8823585933702327E-17
 outgoing bmpole=
    0.0000000000000000E+00
    0.0000000000000000E+00
   -0.6241376804085683E-15
    0.7091776445245515E-15
    0.9332029561374391E-15
   -0.1323921548360990E-14
    0.9791091577908725E-18
    0.2338162961843310E-15
   -0.3043306676637763E-16
   -0.9656771712300310E-16
    0.1519617005283607E-15
   -0.5419984475548140E-16
    0.1672833677637385E-15
    0.1101815611716769E-15
   -0.7262100776244301E-17
    0.2039088986788984E-15
    0.2359632638729028E-15
    0.3335840951563302E-16
   -0.1002328810593138E-02
    0.2796419646922435E-01
   -0.3508132061394896E-16
   -0.3974209421796418E-16
    0.7028959771111066E-16
   -0.2078607009468543E-15
    0.1695741889251895E-15
   -0.1065056215713478E-15
   -0.1051421986933158E-15
    0.8623643015648041E-16
    0.3815791427044439E-12
    0.6393922470997301E-12
    0.7586242085867379E-16
   -0.7537130131022287E-16
 itype_mp=
               2
 n=
               3
 m=
              -2
 outgoing ampole=
    0.0000000000000000E+00
    0.0000000000000000E+00
   -0.2423585153053460E-15
    0.3016599467987792E-15
    0.1054484511970970E-16
    0.1547309208446962E-15
    0.2329432304336844E-15
   -0.3454279987651745E-15
   -0.1641182599890900E-02
   -0.4764641631079083E-01
    0.1653249889384588E-16
    0.2064013467726519E-15
   -0.4260337219642510E-15
   -0.8108468413790411E-16
    0.1597882604092331E-15
    0.1198622220773626E-16
   -0.1907769047436162E-15
   -0.7048612177259758E-16
    0.4281665748312552E-16
    0.1315336847673238E-16
    0.4179137503554374E-17
    0.4957609538847117E-17
   -0.6819714647267358E-16
    0.7975357721240251E-16
   -0.2406734844957577E-15
    0.2495263968888652E-15
    0.8305242602890043E-16
    0.2374430663138398E-16
    0.3231809265967205E-16
    0.6012484624416550E-16
   -0.5632116767584595E-16
   -0.2174890356909925E-16
 outgoing bmpole=
    0.0000000000000000E+00
    0.0000000000000000E+00
   -0.1976340930550429E-15
   -0.2787952868156596E-15
   -0.9621528062878451E-14
   -0.5118431588717925E-14
    0.4241843292239123E-15
   -0.1906615517739879E-15
   -0.6883372793493565E-16
    0.2222438679780349E-16
   -0.2527882214683581E-15
   -0.6015721569992853E-15
    0.6734916303750095E-15
   -0.5004218344951922E-15
    0.3664783106253516E-15
    0.1956283638688536E-15
    0.3016533659011612E-15
    0.4450637517589536E-15
    0.4438087799335360E-16
   -0.2978589166404766E-16
   -0.9152154928600035E-02
    0.7664592970621245E-01
    0.2993495167025560E-16
   -0.1808960347412936E-15
   -0.6598429557218701E-15
   -0.1675123054211554E-14
   -0.4853508299048554E-16
    0.2014223894439709E-15
   -0.1253262932166277E-15
    0.1755160706837798E-15
   -0.7824286504640569E-12
    0.8324179618812846E-11
 itype_mp=
               2
 n=
               3
 m=
              -1
 outgoing ampole=
    0.0000000000000000E+00
    0.0000000000000000E+00
    0.4624802043112936E-16
    0.2749988044321337E-15
    0.2899716840937608E-15
    0.6578000417889778E-16
   -0.7719795250151687E-15
   -0.4118093525276236E-15
   -0.1709897507034546E-15
    0.2229519565107553E-15
    0.5516338647602395E-03
   -0.1143535981078473E+00
    0.2653455906848057E-15
    0.3076119741078638E-15
   -0.3625261338347671E-16
    0.5994409092292612E-15
   -0.2890379456772708E-15
    0.4963506130119255E-15
   -0.6694612051066508E-16
    0.4621438027359051E-16
   -0.3069903133596115E-16
    0.6137920278240748E-16
   -0.2288018260849679E-16
   -0.2609721829434405E-16
    0.3565381322896186E-15
    0.1018118899760102E-15
   -0.2631196956961951E-15
   -0.1214226438580714E-15
    0.2804050920801193E-16
    0.1403327729083691E-15
   -0.1199252488854434E-15
   -0.9155018396356987E-16
 outgoing bmpole=
    0.0000000000000000E+00
    0.0000000000000000E+00
   -0.1207089744152043E-01
   -0.2473038029594770E-01
    0.1261258669268839E-14
    0.2424882285426218E-14
   -0.1307341217577141E-14
   -0.1784516860537071E-15
    0.2266546744790337E-15
    0.1276220099238676E-15
    0.1451930065637638E-15
   -0.3259910233828130E-15
   -0.9031003253360077E-16
   -0.1583947152112101E-15
   -0.1038115465452919E-14
   -0.3087564550699217E-15
    0.4644547143612222E-15
    0.3477153689681185E-16
    0.6068711171625426E-16
   -0.2173883961103474E-15
    0.2111777943656913E-16
    0.5314405208947174E-16
   -0.5864976471847244E-01
    0.1941041910115988E+00
    0.3387713405697806E-15
   -0.8904979063976552E-16
    0.2726342825676851E-16
    0.1009856395539466E-15
    0.6152839654669709E-16
    0.2194039163881147E-15
   -0.1160477626076608E-15
    0.1272269955570933E-15
 itype_mp=
               2
 n=
               3
 m=
               0
 outgoing ampole=
    0.0000000000000000E+00
    0.0000000000000000E+00
   -0.4635596648252429E-15
    0.1002373323597048E-14
   -0.1426931664158465E-15
    0.1694479486982268E-15
   -0.7352686455139206E-15
    0.6821225468072051E-15
    0.2826738441539118E-15
    0.3106720528643752E-14
   -0.1784533923946384E-15
    0.9668449042283081E-15
    0.1241769625514289E-15
    0.1756679348467007E-16
   -0.4376177044609396E-15
   -0.9423732032399572E-15
    0.1735727395706737E-14
   -0.2530416308635372E-14
   -0.1364024848680086E-15
   -0.3067475914304397E-15
    0.3072756075116648E-15
    0.6320571923576028E-15
   -0.8231306637200150E-15
    0.1455256201094064E-15
   -0.1449723695457412E-15
    0.4024955469244703E-17
   -0.6631541242503591E-15
   -0.3108193492424223E-15
    0.5718071548372275E-15
   -0.4166115551945474E-15
   -0.3105564669197014E-15
    0.1074341979006395E-15
 outgoing bmpole=
    0.0000000000000000E+00
    0.0000000000000000E+00
   -0.7098124068769029E-15
    0.3975063333389770E-15
   -0.7379320731008394E-01
   -0.9334351883555578E-03
   -0.4914772710645276E-15
    0.8189558983283908E-15
   -0.9641410934201854E-16
    0.1335433464411141E-14
   -0.9875470790477088E-15
   -0.1152117725908807E-14
   -0.5198237117569247E-15
    0.1122008587776703E-14
    0.6116979781765618E-15
    0.1666121023293078E-14
   -0.1398820844152632E-14
    0.3103166093344671E-16
   -0.9111027704063660E-16
    0.5455762087232006E-16
    0.6073392971999879E-15
   -0.9200635118770081E-15
    0.2366141942333756E-15
   -0.3561731599879863E-16
   -0.1688925709290722E+00
    0.3554512713411467E+00
    0.1963359976240964E-15
   -0.3837098292539810E-15
    0.5402104180064153E-15
   -0.8517108983860148E-15
    0.1502151410012063E-16
    0.1131623332699744E-15
 itype_mp=
               2
 n=
               3
 m=
               1
 outgoing ampole=
    0.0000000000000000E+00
    0.0000000000000000E+00
    0.2466567510048153E-15
   -0.6608826305390391E-17
    0.3974374211753030E-15
   -0.1811544553550712E-16
    0.1892716982990189E-16
   -0.5501112497304503E-15
   -0.1977306128867727E-15
   -0.4760333489425077E-15
    0.6744134910738476E-15
   -0.9203087840713579E-15
    0.2325040223967278E-15
   -0.3477752658370883E-15
   -0.5516338647604751E-03
    0.1143535981078489E+00
   -0.1447086953016697E-15
   -0.1977210625597418E-15
   -0.1452473658481526E-15
    0.6574651784315284E-16
    0.8456747706830830E-17
    0.5645843021925102E-16
    0.7658027373135576E-16
   -0.1601475613682027E-15
    0.3930225484286215E-15
   -0.2178949914688471E-16
   -0.4174302817692578E-16
    0.4596152399601020E-16
    0.1659279703706065E-16
   -0.6302034756540134E-16
   -0.5765603320344235E-16
   -0.5196932173724519E-16
 outgoing bmpole=
    0.0000000000000000E+00
    0.0000000000000000E+00
   -0.2651620210935281E-16
    0.1094833653866764E-14
   -0.2473780601863275E-14
    0.1457253423274991E-14
   -0.1207089744152079E-01
   -0.2473038029594793E-01
   -0.8671333122085029E-16
   -0.4011877837722707E-15
   -0.1839119049602202E-15
    0.1408756274076466E-14
   -0.4776605962608164E-15
    0.3684955965097968E-15
    0.3270526479011833E-15
    0.5509820683453250E-15
   -0.2466374898410554E-15
   -0.1855727790602597E-15
    0.4520306216973460E-16
    0.2049787225676748E-15
   -0.2372093106903213E-15
    0.1450949886415194E-15
   -0.2532350804675860E-15
   -0.1024980689349538E-15
    0.1225577149390841E-15
   -0.3371645314863502E-16
   -0.5864976471847315E-01
    0.1941041910116008E+00
   -0.6297092395422597E-16
   -0.1597596729632291E-15
    0.8952254520360378E-16
   -0.1999397078603261E-15
 itype_mp=
               2
 n=
               3
 m=
               2
 outgoing ampole=
    0.0000000000000000E+00
    0.0000000000000000E+00
    0.1846244610128682E-15
    0.1989335795700388E-15
   -0.2605444781015072E-15
   -0.2709557791524821E-15
   -0.4047091525334272E-16
    0.3528335952114295E-15
   -0.1337856893334755E-15
   -0.4153921429998809E-16
    0.8143513031186751E-16
    0.1531151232181780E-15
   -0.4236620306666252E-15
    0.1274298263121307E-15
    0.1720128930217298E-15
   -0.1602659372704766E-15
    0.1641182599890892E-02
    0.4764641631079043E-01
   -0.6131288552551775E-16
   -0.2165960667377942E-16
    0.5750035217219197E-16
   -0.1299342056267687E-16
    0.1030568566969193E-16
    0.4323553429166895E-16
   -0.2539021587724677E-15
   -0.3137794990623195E-15
   -0.2936878046218222E-16
    0.9966780143014620E-16
   -0.7034605030947755E-18
   -0.7993425762911616E-16
    0.2630903759246941E-16
    0.3865407923008132E-17
 outgoing bmpole=
    0.0000000000000000E+00
    0.0000000000000000E+00
   -0.5115337068746980E-16
   -0.5491991266199575E-15
   -0.1103996874308689E-13
   -0.1804512302662002E-14
    0.2790227825609562E-15
   -0.1082271950888471E-15
   -0.4036750420524555E-15
   -0.6127093899110748E-16
    0.1008700725713877E-15
   -0.4885221805179099E-15
   -0.6932412786490721E-15
   -0.4773125042290903E-15
    0.4358657970183821E-15
    0.5186230992158959E-15
    0.5197951410306810E-16
    0.1465723199018976E-15
   -0.7824189553840300E-12
    0.8324186516663615E-11
    0.4685138976171390E-16
    0.2303701262166868E-15
   -0.1080044477554496E-15
    0.1660331042227955E-15
   -0.1036850608905266E-14
   -0.1278085944223060E-14
    0.2153855025954894E-15
   -0.5278816196158456E-17
   -0.9152154928599972E-02
    0.7664592970621199E-01
   -0.3850847018238035E-16
   -0.4521424434536184E-16
 itype_mp=
               2
 n=
               3
 m=
               3
 outgoing ampole=
    0.0000000000000000E+00
    0.0000000000000000E+00
    0.6950048522042143E-16
   -0.2304057861212588E-16
   -0.1939264260377428E-15
   -0.6798762781355286E-17
    0.6373765202994848E-16
   -0.2674626600981733E-16
    0.1111519849005846E-11
    0.7971003272048362E-11
    0.9443213559113300E-16
   -0.1032918963980218E-15
    0.1660910482237730E-15
    0.1137992892548651E-15
   -0.2681335906358071E-16
    0.4145794288956818E-15
   -0.6753392040054376E-17
   -0.3501679571535356E-17
   -0.3789794479442671E-17
   -0.8564088567367329E-17
    0.5550986806336048E-16
    0.8769768369544245E-16
    0.1068631301720231E-15
   -0.1746936724944681E-16
    0.5591755266442055E-16
    0.6224579464190139E-16
    0.6151191755103590E-16
   -0.1074430517108917E-16
   -0.1499979178765817E-16
    0.1195505657470822E-16
    0.9867704027146625E-17
    0.6004801560205688E-17
 outgoing bmpole=
    0.0000000000000000E+00
    0.0000000000000000E+00
   -0.2910777029194358E-15
   -0.4390453871292671E-16
    0.3663532200673781E-15
   -0.1077870025924094E-14
   -0.6393229679038801E-15
    0.7431958559054237E-15
   -0.1388940275105993E-15
   -0.2335685762170866E-15
   -0.2087681157728725E-15
   -0.1238487479433188E-15
    0.5683557450631483E-16
   -0.9550524992871833E-16
    0.6723558637519721E-16
   -0.1926122796369964E-15
    0.1109712688858295E-15
   -0.5185394201600060E-16
   -0.5799242140302271E-16
   -0.8389767009856055E-16
    0.3816052295982863E-12
    0.6393964052639665E-12
    0.1176257869519168E-16
    0.1085482813638849E-15
   -0.1820593287775378E-16
   -0.1185717107296465E-15
   -0.3664313347870707E-16
   -0.2151623004846144E-15
    0.4267888665901014E-16
   -0.4694790959344367E-16
   -0.1002328810593136E-02
    0.2796419646922426E-01
