 omega=
    0.6283185307179587E-02
 rk=
    0.6283185307179587E-02
    0.0000000000000000E+00
 radius=
    0.6000000000000000E+02
 nterms=
               3
 itype_mp=
               1
 n=
               1
 m=
              -1
 outgoing ampole=
    0.0000000000000000E+00
    0.0000000000000000E+00
   -0.9879241913638804E-06
   -0.1329319984387341E-04
    0.7181332296211453E-18
    0.3056990663424462E-17
    0.2174748038311033E-17
    0.1345122632330820E-17
    0.7795420999460663E-21
    0.2974538971691937E-19
   -0.4786497004912598E-19
    0.6553075936952244E-20
   -0.2131616942329528E-18
    0.3018157147727827E-18
    0.5664280235901863E-19
    0.1386975001051603E-18
    0.1545775270766423E-19
    0.1130897828864791E-19
    0.3400381232338092E-22
   -0.3051356237992388E-23
    0.8128311425205476E-21
    0.9907419309557120E-21
   -0.6177793078260928E-09
   -0.7664412003454735E-08
   -0.2796676670561377E-20
    0.4030494655363625E-20
    0.3291644271824210E-20
    0.5885723428003049E-20
   -0.9020979422720071E-21
    0.1619542852804902E-20
    0.3661669284991386E-21
    0.8806506698649674E-21
 outgoing bmpole=
    0.0000000000000000E+00
    0.0000000000000000E+00
    0.3931175935775009E-19
    0.1036180119769302E-17
   -0.4274172620577655E-16
    0.4074728646919597E-16
   -0.2950350160203563E-18
   -0.5716424486458310E-18
    0.1556699544092441E-20
    0.4306169016691041E-21
    0.6106611780031852E-08
   -0.1545429730560174E-05
   -0.2370883398812631E-18
   -0.4388078076965890E-18
    0.7209347424823469E-20
    0.2218907800819586E-19
    0.4031067307150754E-20
    0.1242278183467586E-22
   -0.3936143415719796E-22
   -0.3636515189496943E-23
    0.2111645627654566E-21
   -0.1879538454931791E-21
    0.2752007973867649E-21
   -0.4721451285786715E-21
   -0.4739960948574428E-19
    0.4258099967338785E-19
   -0.8864061207588159E-21
   -0.7094238668192752E-21
   -0.2038261555115862E-21
    0.1656510242625183E-21
   -0.3156377231800003E-23
   -0.8961268979076616E-22
 itype_mp=
               1
 n=
               1
 m=
               0
 outgoing ampole=
    0.0000000000000000E+00
    0.0000000000000000E+00
   -0.1143989405287734E-17
    0.1352775065940981E-18
   -0.5495047960261193E-06
   -0.8235549260876685E-05
    0.1159841506079728E-17
    0.2722122758200307E-18
    0.1281893356313834E-19
   -0.8293362628070526E-20
    0.4183361646472469E-19
    0.2474836334338148E-19
   -0.1555923538221779E-19
    0.2760524165279167E-18
   -0.4447191416172909E-19
    0.2047690350389760E-19
   -0.1233745671839348E-19
   -0.8628416172792272E-20
   -0.1847492683276539E-21
   -0.1447440189039398E-20
    0.5847984316750660E-21
   -0.1485593310291630E-20
    0.1187655555507929E-20
   -0.3833809666184703E-21
   -0.4184839300557804E-09
   -0.6246524396844595E-08
   -0.1082804065616976E-20
   -0.5744861276972926E-21
   -0.4315284551582664E-21
   -0.1512287876974160E-20
    0.3740367432879068E-21
   -0.1393780257604951E-20
 outgoing bmpole=
    0.0000000000000000E+00
    0.0000000000000000E+00
   -0.1730841458230129E-18
    0.2842740362324115E-18
    0.2880855659037569E-17
   -0.1295673666207507E-17
   -0.1126089894619327E-18
   -0.2259147080515004E-18
   -0.2116464027424935E-19
    0.2852979307047744E-19
   -0.4983380183663182E-20
    0.2088082051599176E-19
    0.8817524856531560E-19
   -0.6316196520501255E-19
   -0.2222774754797920E-20
   -0.2151579272745842E-19
   -0.1766548823408959E-19
   -0.3119991872507344E-19
    0.2993856243799405E-22
    0.1865104150422577E-21
    0.3937188278273626E-21
   -0.4456697495436070E-22
   -0.2874925353965022E-21
    0.9524146533584264E-21
    0.4648534370532499E-20
   -0.2036168012241328E-20
   -0.2777153920724075E-21
   -0.9681864723522375E-21
    0.3952836847204013E-21
    0.9493077975990154E-22
    0.5642317693630825E-22
   -0.1814402171526639E-21
 itype_mp=
               1
 n=
               1
 m=
               1
 outgoing ampole=
    0.0000000000000000E+00
    0.0000000000000000E+00
   -0.2170005511767504E-17
    0.1252746090938721E-17
   -0.1357484019206012E-17
    0.2986657453890824E-17
   -0.9879241913634071E-06
   -0.1329319984387410E-04
   -0.1614540300550616E-19
    0.1054909862670666E-19
   -0.7677392868199096E-19
    0.1247053346983041E-18
    0.1661078749904465E-18
    0.3320777785196551E-18
    0.5823903368615328E-19
    0.1850195288828752E-19
   -0.3828156297264313E-20
    0.3165980226075569E-19
   -0.4443025478920039E-21
    0.8425567862006611E-21
    0.7268832151704113E-21
    0.1673668896538825E-20
   -0.3863815365848304E-20
    0.5492140272702551E-20
    0.1952098883345552E-20
    0.4405038183727060E-20
   -0.6177793078183517E-09
   -0.7664412003454476E-08
   -0.1032537151536104E-20
    0.8963400748503160E-21
   -0.5811161657354681E-22
    0.2686029477443710E-22
 outgoing bmpole=
    0.0000000000000000E+00
    0.0000000000000000E+00
   -0.3619413435017259E-18
    0.5250603941573586E-18
   -0.5246728381412180E-16
   -0.2516334772486940E-16
    0.1846795158392817E-18
   -0.1024805733778720E-17
    0.4173385906042761E-20
    0.2408481457987964E-21
    0.9271244973456123E-20
   -0.2116893855885411E-19
   -0.3955331474940569E-18
    0.4673647986573116E-18
   -0.6106611780017453E-08
    0.1545429730560157E-05
    0.1400079280312365E-20
    0.2380810254843431E-21
   -0.1184699509250675E-22
    0.8247309093562114E-22
   -0.1564117892699807E-21
   -0.1700104404905473E-21
   -0.9689735869034247E-21
    0.5971688336359646E-21
   -0.5706860997841160E-19
   -0.2456108517866656E-19
    0.2041254416684962E-21
    0.4488586825487323E-21
    0.1879400320975383E-21
    0.2324036219086538E-21
   -0.3879728920118943E-22
   -0.2170629806713977E-24
 itype_mp=
               1
 n=
               2
 m=
              -2
 outgoing ampole=
    0.0000000000000000E+00
    0.0000000000000000E+00
    0.4614118785130319E-20
    0.1902284029781308E-19
   -0.7690621542475806E-19
   -0.3743032654092440E-19
    0.1356841980414018E-19
    0.1791395236128633E-19
   -0.1433891085084228E-09
   -0.1954630224510751E-08
   -0.9861314570783071E-22
    0.2043566421534413E-20
   -0.2308403243291892E-20
    0.3821472573121094E-20
   -0.9760160021523597E-21
    0.2726775533071038E-20
    0.8035056962644366E-21
    0.1595754813968718E-20
   -0.2458980358741725E-23
    0.1193681481995322E-22
    0.6654645700393509E-23
   -0.8207312292189114E-23
   -0.8951341621453012E-22
    0.1014012310341076E-21
   -0.5884261624592972E-22
   -0.7785915554536060E-22
   -0.8629486237445595E-23
    0.7771031049256984E-22
    0.4681101801971824E-22
   -0.2092138369924181E-22
   -0.2791112517236472E-22
   -0.2197845135146585E-22
 outgoing bmpole=
    0.0000000000000000E+00
    0.0000000000000000E+00
   -0.4123761657744890E-20
   -0.6409217030151059E-20
   -0.1129843973183001E-16
   -0.6467839569157047E-17
    0.6109567577670128E-20
   -0.2677920393742744E-20
    0.9795209880172893E-23
    0.4232056067105763E-21
    0.8974174543987303E-22
   -0.1151895078475977E-20
    0.5881958947867552E-19
    0.1395472986375012E-21
   -0.3405760292692567E-21
    0.4541869305069492E-21
    0.2523482058669835E-22
   -0.1852199361086705E-21
    0.3067908637319575E-24
    0.5834312565562854E-24
    0.7549740535058299E-12
   -0.2247395238109047E-09
    0.1132908255937854E-22
   -0.1479922266429418E-22
   -0.1215568030384570E-19
   -0.7974477658864293E-20
   -0.3743816067110776E-22
    0.3872173341712125E-22
    0.3386980115940766E-23
    0.8837919927814237E-24
    0.8704338003298172E-14
   -0.9386363201974050E-13
 itype_mp=
               1
 n=
               2
 m=
              -1
 outgoing ampole=
    0.0000000000000000E+00
    0.0000000000000000E+00
   -0.7900520994135261E-19
    0.9072008130875428E-20
   -0.1430087905934002E-18
    0.6802494631833752E-19
    0.5885275338429469E-19
    0.1441323584793897E-18
   -0.5858938372149548E-21
    0.1360553767180233E-20
   -0.1117095753846463E-08
   -0.1417555786860421E-07
   -0.4281194919865089E-20
    0.4710717199733065E-20
    0.7263975061363638E-20
    0.4566350430215556E-20
   -0.5432082894034777E-21
   -0.1193807598624079E-20
    0.1498978751913760E-22
   -0.2731094456129813E-22
    0.3412450809238371E-22
    0.4853041023550136E-23
   -0.2914562781012124E-21
    0.6094143598878085E-22
   -0.5564822115312511E-21
    0.4058256119088657E-21
    0.1630798386380045E-21
    0.2208669873650114E-21
    0.5212071749395422E-22
    0.7567650841099699E-22
    0.2620064798497385E-22
    0.1567856326583854E-22
 outgoing bmpole=
    0.0000000000000000E+00
    0.0000000000000000E+00
    0.2829324270050467E-08
   -0.1001668477400913E-05
   -0.1102762819572082E-17
   -0.1802989202730030E-17
   -0.3856630048898839E-19
   -0.5296679587964873E-19
    0.1897180740971767E-21
   -0.1928673976801389E-21
    0.2283079990848467E-21
   -0.5250088304168766E-21
   -0.2359360369973858E-19
   -0.2479558386490317E-19
   -0.5028509682009894E-21
   -0.1327083419705994E-20
   -0.8899928358812866E-22
   -0.4449410337349537E-21
   -0.6718167828921237E-23
    0.1405390547264120E-23
    0.3263553507196953E-23
   -0.1571884009053925E-22
    0.7810613851004017E-11
   -0.2052712302181398E-08
   -0.1231857576589948E-20
   -0.2008711824049560E-20
   -0.2212077698359683E-22
    0.1936676337325929E-22
    0.1316326801163001E-22
   -0.1749317974093230E-22
   -0.1222074051356649E-22
   -0.4681949219505812E-23
 itype_mp=
               1
 n=
               2
 m=
               0
 outgoing ampole=
    0.0000000000000000E+00
    0.0000000000000000E+00
    0.5367902004505662E-19
    0.1152947597830932E-18
   -0.1728635108223208E-19
    0.3025952735924889E-18
   -0.6893869375353458E-19
    0.1052052978143595E-18
    0.1790108049714232E-20
    0.3696447692455661E-21
    0.1697398808083660E-20
    0.5995758259903091E-21
   -0.8902332408743164E-09
   -0.1315567566538083E-07
   -0.1666622823842344E-20
    0.2791261427600826E-21
   -0.1859995161546348E-20
    0.1768006224819667E-21
   -0.1727030403112603E-22
    0.1740757669129224E-22
    0.8753906806543582E-22
   -0.9497728363396689E-22
    0.2457571812829558E-21
    0.9991080483140971E-22
   -0.3112051906568421E-22
    0.5615705497075551E-21
   -0.2597912871469814E-21
    0.6992634061032460E-22
   -0.7603793928576939E-22
   -0.1001630625807615E-21
    0.1480339035842810E-22
    0.1938498325843731E-22
 outgoing bmpole=
    0.0000000000000000E+00
    0.0000000000000000E+00
   -0.1170745249630180E-19
    0.2091863904610514E-19
    0.4070516161651842E-19
   -0.6329896373870136E-20
   -0.1001505485586729E-19
   -0.2201770725846462E-19
    0.6900072941945510E-21
    0.1097181198016454E-22
   -0.5876942239331917E-21
    0.2206983663790466E-20
    0.2483026655061771E-20
   -0.2510596808364910E-21
   -0.3569904334271087E-21
   -0.2255151839767941E-20
    0.6801831826719956E-21
    0.6597520227196400E-22
    0.1206286093901056E-22
    0.1874694388125237E-22
   -0.2751030211291425E-22
    0.8973103191981838E-22
   -0.3868611016886825E-22
    0.8765684050417210E-22
    0.3279644130172611E-22
   -0.1078402722766364E-22
   -0.2470677111216036E-22
   -0.8921521453890811E-22
   -0.1403950802005403E-22
   -0.9256791774005495E-22
    0.1459356229169506E-22
   -0.1688446984789428E-22
 itype_mp=
               1
 n=
               2
 m=
               1
 outgoing ampole=
    0.0000000000000000E+00
    0.0000000000000000E+00
   -0.7999482328849426E-19
    0.1329544631107739E-18
    0.1104831053909834E-18
    0.9246335038709970E-19
    0.8784429718273794E-19
    0.1752444882747663E-19
    0.7931687045157309E-21
   -0.1172882818723545E-20
   -0.7656605190332269E-20
    0.3968418365650714E-20
    0.3384137985295848E-20
    0.5459139645991660E-20
   -0.1117095753848354E-08
   -0.1417555786860529E-07
    0.4512997675391262E-21
    0.1419394783292862E-20
   -0.2950907053616697E-22
    0.1135480715137852E-22
   -0.6284644366750007E-22
    0.7156475363105160E-22
   -0.1989390218519866E-21
    0.1874269444561499E-21
    0.4588834850248010E-21
    0.4900886968602115E-21
    0.3002404976370787E-21
    0.1035663746695033E-21
   -0.3173619484514686E-22
    0.4384495868341288E-23
   -0.1157987079855579E-22
   -0.2930973964493510E-22
 outgoing bmpole=
    0.0000000000000000E+00
    0.0000000000000000E+00
   -0.4556372077323316E-19
    0.4927935308429644E-19
   -0.1185571712261695E-17
    0.1875515300773651E-17
   -0.2829324270022501E-08
    0.1001668477400914E-05
   -0.1529858059048238E-21
    0.4325569163457593E-21
   -0.6909508830055184E-21
    0.1301577948000926E-20
   -0.1590955929293467E-19
    0.3219447877002044E-19
    0.1503854311139749E-21
    0.4520626065986243E-21
    0.1480106322578780E-21
    0.2407682044453011E-21
   -0.1274489846493653E-22
    0.3040285928010802E-23
    0.1142307406293164E-22
    0.1928688018787501E-22
   -0.2418097973389926E-22
   -0.1995023953151535E-22
   -0.1288129521539925E-20
    0.2112183990870956E-20
   -0.7810613850983696E-11
    0.2052712302181395E-08
    0.1376081983227325E-23
    0.1717330411368782E-22
   -0.5840078352011597E-23
   -0.2414821577996593E-23
 itype_mp=
               1
 n=
               2
 m=
               2
 outgoing ampole=
    0.0000000000000000E+00
    0.0000000000000000E+00
   -0.1375849003818674E-19
    0.1616961321828760E-19
    0.6768158932270239E-19
   -0.4883935587465804E-19
   -0.4148105628607997E-20
    0.1551647250551535E-19
   -0.9654407538206875E-21
    0.1530092135691153E-20
    0.7748438473275683E-21
    0.2721467009204942E-20
    0.1750854624554863E-20
    0.4230743043436914E-20
   -0.1563548375867716E-21
    0.1969000470945994E-20
   -0.1433891085081872E-09
   -0.1954630224511475E-08
    0.3105248074460269E-22
   -0.1824204212588137E-22
   -0.4418261946574209E-22
   -0.2801317449004159E-22
   -0.2156718443728267E-23
    0.8081979402191097E-22
    0.5839581984130417E-22
   -0.9001605400578844E-22
    0.7300304487833474E-22
    0.1099927385974866E-21
   -0.1770812825974143E-23
   -0.9121412932320567E-23
    0.1194091312055112E-23
    0.1323372286055412E-22
 outgoing bmpole=
    0.0000000000000000E+00
    0.0000000000000000E+00
    0.6478522526183981E-20
    0.3592641754971925E-20
   -0.8107920544867849E-17
    0.8288085938627865E-17
   -0.5835012395291646E-20
    0.5636003359443788E-20
    0.7258988392881549E-23
    0.1905083440132664E-21
   -0.2280081536976759E-21
   -0.5412812064163586E-21
    0.4253591314188585E-19
   -0.3490805614237715E-20
   -0.4970157718883355E-22
    0.1114051795280104E-20
    0.9468125897324984E-22
   -0.4473808124940813E-21
   -0.8704338006600313E-14
    0.9386363201630417E-13
    0.6908714314887479E-23
    0.1091397042690530E-23
   -0.2543339223100670E-22
   -0.4298616265050323E-22
   -0.8777424735122781E-20
    0.9957335451559328E-20
   -0.5806773536694576E-23
    0.1139308687093229E-22
   -0.7549740534952895E-12
    0.2247395238109215E-09
    0.5695045861729238E-24
   -0.4774382429977986E-24
 itype_mp=
               1
 n=
               3
 m=
              -3
 outgoing ampole=
    0.0000000000000000E+00
    0.0000000000000000E+00
   -0.4457874715954927E-21
   -0.4499224772919775E-21
    0.5227683825489808E-21
    0.4050152913428389E-21
    0.7370341995868011E-21
    0.9745561580891831E-21
    0.6657664829456978E-23
    0.7927337948156284E-23
   -0.2360405616233123E-22
   -0.3689554710063587E-22
   -0.2814614883294725E-22
    0.3906366241216229E-22
    0.3772173837654776E-22
   -0.3262227682461695E-22
   -0.2689255868671382E-22
   -0.2043520442193840E-22
   -0.1286245856171657E-13
   -0.1745738035657323E-12
    0.1243879133163300E-24
    0.6469809383997876E-24
   -0.1309206003874145E-23
   -0.4054276522257076E-24
   -0.4446125492272700E-24
   -0.3079440210217061E-24
    0.1974940035136822E-24
    0.4532673518594449E-24
   -0.1072384414381154E-15
    0.2505573035069981E-13
    0.2761240232768830E-24
   -0.1773503611357988E-24
 outgoing bmpole=
    0.0000000000000000E+00
    0.0000000000000000E+00
    0.7649394793742492E-22
   -0.5939433567701793E-24
    0.6692679011664814E-21
   -0.1445096868928128E-19
    0.4514309131582591E-22
   -0.1795229390639872E-21
   -0.9694399441212624E-24
   -0.1503724249284370E-23
    0.1191183314698592E-22
   -0.2539480942497943E-23
    0.1635916710727855E-21
   -0.2922166230753864E-21
    0.8063757476026716E-23
    0.4180321716492478E-23
    0.9557505028691266E-14
   -0.1233848987662118E-12
    0.1489437944747980E-27
    0.7207743307516934E-25
   -0.5480462934600682E-25
   -0.1893993719095239E-24
    0.1684078432085987E-25
   -0.1384260725792537E-25
    0.1255112339368228E-23
   -0.1537744779518315E-22
   -0.1556936602329404E-24
   -0.1015611731369902E-24
    0.9007536098724954E-25
    0.1465462005676254E-24
   -0.2374470767540572E-25
   -0.1895245577209428E-25
 itype_mp=
               1
 n=
               3
 m=
              -2
 outgoing ampole=
    0.0000000000000000E+00
    0.0000000000000000E+00
   -0.1215697944676636E-20
    0.7536776758890287E-21
   -0.3894170090506250E-20
    0.1576522909789261E-20
   -0.1264206148980611E-20
    0.8549314987247385E-21
   -0.8465274088152457E-23
   -0.7248538542751438E-23
   -0.8480601997716840E-22
    0.3082908254228991E-22
   -0.2862468665734302E-22
   -0.1233644647913215E-21
    0.3102220883500703E-22
    0.7570811920764058E-22
    0.3589118588000558E-22
    0.1985086186497527E-22
   -0.3725555260156360E-24
    0.4749513011260134E-24
   -0.1102340183383779E-12
   -0.1410195291303114E-11
   -0.2942836993574810E-23
    0.4774479376829779E-24
   -0.5170348069468695E-23
    0.5066828221124107E-23
   -0.1630188866215424E-23
    0.1723800746306766E-23
    0.1479935532840716E-23
    0.1348761339898875E-23
   -0.4312196279143401E-16
    0.1127581900774472E-13
 outgoing bmpole=
    0.0000000000000000E+00
    0.0000000000000000E+00
    0.4976375379710770E-22
   -0.7091663433251313E-21
    0.1661472429720879E-18
    0.2534247154653746E-19
   -0.2034298449454017E-21
   -0.2696500227274081E-21
    0.5154285400267205E-12
   -0.1664140170882207E-09
    0.4791011366293431E-23
   -0.1904141688209414E-22
   -0.3488430979681019E-20
   -0.8291815854316579E-20
   -0.9715029731274179E-23
    0.1021712870213518E-22
   -0.1523609375228249E-22
   -0.5877697812479996E-23
    0.9692931206654550E-25
   -0.2292049998310617E-25
    0.6922469622143173E-25
    0.3673107013336336E-24
    0.1860439680210203E-23
   -0.1041867757150593E-23
    0.2008588835104827E-21
    0.2081428868061406E-22
   -0.2113846377317392E-25
   -0.1132017295235629E-23
   -0.1422429721836626E-24
   -0.2093506034879687E-24
    0.1601281355997099E-26
   -0.5640865327741648E-25
 itype_mp=
               1
 n=
               3
 m=
              -1
 outgoing ampole=
    0.0000000000000000E+00
    0.0000000000000000E+00
   -0.6179230214180373E-09
   -0.7676993440779597E-08
   -0.1134711606168276E-20
    0.2215928339550488E-20
    0.3150238989833575E-20
    0.4311399166681162E-20
    0.2985718116862629E-22
    0.6161016108554464E-22
   -0.2868343517391312E-21
    0.6918297154014607E-22
   -0.5113972475067740E-21
    0.3313353737502171E-21
    0.1367803089461744E-21
    0.2363424316689458E-21
    0.5038656486486231E-22
    0.6193626172116741E-22
    0.1145254590587672E-23
   -0.1825866391874458E-25
    0.3839487200383519E-23
    0.1703707235656191E-23
   -0.9759965032451391E-12
   -0.1240104439765353E-10
   -0.7566879348258063E-23
    0.1438789962298628E-22
    0.1502888465372596E-22
    0.8735837954355717E-23
   -0.1042454189932705E-23
   -0.1654403128313791E-23
    0.5333219800974147E-24
    0.2718838741274093E-24
 outgoing bmpole=
    0.0000000000000000E+00
    0.0000000000000000E+00
   -0.1560781492307679E-21
   -0.4276338613263374E-21
   -0.1025014367126537E-18
   -0.1141994383644979E-18
    0.2554544238181589E-21
   -0.9890574151147380E-21
    0.4160129218003757E-23
   -0.8011645736831731E-23
    0.4964976596159355E-11
   -0.1560294979630299E-08
   -0.6246424039899126E-21
   -0.1634978955055886E-20
   -0.5656961872766773E-22
   -0.8584824557662951E-22
    0.2647497287878009E-22
   -0.2987959936273354E-22
    0.4747797466558751E-25
   -0.8566089884701903E-25
   -0.7181294675608033E-24
   -0.1297971011806158E-24
    0.3695627085350303E-24
   -0.3510677155376425E-23
   -0.1144014114799253E-21
   -0.1321091530365335E-21
   -0.9942200696861471E-24
   -0.1870538735810800E-23
   -0.2402888951280636E-24
    0.2198236698378511E-24
    0.1874441867088646E-25
   -0.9019909578493274E-25
 itype_mp=
               1
 n=
               3
 m=
               0
 outgoing ampole=
    0.0000000000000000E+00
    0.0000000000000000E+00
    0.1455710494334403E-20
    0.1289777373102044E-20
   -0.4185411272390204E-09
   -0.6256665413503097E-08
   -0.1580016164064631E-20
    0.1017552523630468E-20
    0.7190194294553314E-22
   -0.5588556990536159E-22
    0.3026163608675590E-21
    0.2406785684066264E-21
   -0.3073810174873157E-22
    0.5615801647942667E-21
   -0.3353232324945573E-21
    0.1965941816140801E-21
   -0.6557427907662055E-22
   -0.6077572422476445E-22
    0.3588326353635103E-24
   -0.8713688596419718E-24
    0.1137748480587597E-23
   -0.1693589428493471E-23
    0.6679727381692128E-24
    0.3851883593412698E-23
   -0.8838106198329374E-12
   -0.1304908386241492E-10
   -0.9148902467269772E-24
    0.3458870990107058E-23
   -0.1046228866631926E-23
   -0.1815973475895569E-23
   -0.2394062960918059E-24
   -0.9293326488495484E-24
 outgoing bmpole=
    0.0000000000000000E+00
    0.0000000000000000E+00
   -0.2930769376021431E-21
    0.2068388923078463E-20
   -0.1580975620396442E-20
    0.5148664966872627E-21
    0.1966147465925783E-22
   -0.2089714151645013E-20
   -0.9046435576541138E-23
    0.5473107449393498E-22
   -0.5138733828660638E-22
    0.1122793614855215E-21
   -0.4327486897196473E-22
   -0.2939290787334597E-22
   -0.3187566258613630E-22
   -0.1219926940090811E-21
   -0.1354804955614993E-23
   -0.5526100639569917E-22
    0.2256373596713800E-25
   -0.5318773982591215E-24
    0.1447757929970314E-23
    0.1272680998420021E-24
    0.6587433181524878E-24
    0.4960446414115614E-23
   -0.1976640429774890E-23
    0.6911284916416686E-24
    0.1446518138390680E-23
   -0.4519675971870109E-23
    0.1441303860736856E-23
    0.5644264048376464E-25
   -0.6712029379093107E-25
    0.5282474621731899E-24
 itype_mp=
               1
 n=
               3
 m=
               1
 outgoing ampole=
    0.0000000000000000E+00
    0.0000000000000000E+00
   -0.3332076831947636E-20
    0.4055540856155474E-20
    0.4716477157124781E-20
    0.2397166360267080E-20
   -0.6179230214274374E-09
   -0.7676993440780131E-08
   -0.5813787182199872E-22
    0.5707316271686704E-22
   -0.1637285130848311E-21
    0.1998324840381111E-21
    0.4491727005451422E-21
    0.3836395350976272E-21
    0.2958050730362576E-21
    0.1016250537615819E-21
   -0.3820086400501335E-22
    0.5823061424190344E-22
   -0.5090077096677250E-24
    0.1988757512750269E-24
    0.1445814322982280E-23
   -0.1595945197175776E-23
   -0.1583248833366326E-22
    0.7064976312087001E-23
    0.8242943831949169E-23
    0.1508876209087287E-22
   -0.9759965032487350E-12
   -0.1240104439765300E-10
   -0.3970738950806795E-23
    0.1315013630543136E-23
   -0.1201172514208709E-23
   -0.1240899293087136E-24
 outgoing bmpole=
    0.0000000000000000E+00
    0.0000000000000000E+00
    0.5896223437413784E-22
    0.9905768233236562E-21
   -0.7340678737793174E-19
    0.1303782526758250E-18
   -0.2382108199705099E-21
    0.5065839159137182E-21
    0.2251145901966482E-22
    0.3346966170282398E-22
   -0.6746213430602464E-22
    0.7837407191052181E-22
   -0.9642659947313731E-21
    0.2112576815432449E-20
   -0.4964976596171900E-11
    0.1560294979630204E-08
    0.2434876309906450E-23
    0.8443369457236413E-23
   -0.2126197533797470E-26
    0.9963585131380658E-25
   -0.2043973847312279E-24
   -0.2502728901229797E-24
   -0.1295855019204128E-23
    0.1570272650327807E-23
   -0.7743622566978343E-22
    0.1519079885648366E-21
   -0.1606429744073897E-24
    0.3531074262747088E-23
   -0.7478452083751294E-24
    0.2315071686570282E-25
    0.2453106942153245E-25
    0.8539832914167763E-25
 itype_mp=
               1
 n=
               3
 m=
               2
 outgoing ampole=
    0.0000000000000000E+00
    0.0000000000000000E+00
    0.1227050661857988E-20
    0.8663218353665593E-21
    0.9443579721861860E-20
   -0.3863685787706690E-21
    0.1006822160335927E-20
    0.9082643988337856E-21
   -0.3875927787134115E-22
    0.1288910639673206E-22
   -0.4471490870674461E-22
    0.7583978731927999E-22
    0.4333820626366581E-22
   -0.1201114917573813E-21
    0.8042988398893120E-22
    0.3561472203250083E-22
    0.1309497163134327E-22
   -0.7206086026597861E-23
   -0.4312196458140558E-16
    0.1127581900753507E-13
   -0.1575143464260524E-23
    0.1118529915274454E-23
    0.1664391715528002E-23
    0.1719718773599691E-23
    0.9170633359222471E-23
    0.3896440924578977E-23
    0.2868806336559306E-23
    0.8498014060496137E-24
   -0.1102340183337742E-12
   -0.1410195291279982E-11
    0.3332318419420331E-24
    0.5214990563979616E-24
 outgoing bmpole=
    0.0000000000000000E+00
    0.0000000000000000E+00
   -0.2028028539375951E-21
    0.2291255039228380E-21
    0.1428259383320847E-18
   -0.5029347812239579E-19
   -0.1040084033300070E-21
    0.7171821621136861E-21
   -0.1463646828950406E-22
    0.3555879900641392E-23
   -0.4477075009337740E-23
   -0.1102410613251488E-22
   -0.4500160903966608E-20
    0.9578080436821878E-20
   -0.3817567006946529E-23
    0.1718774613312545E-22
   -0.5154285410556666E-12
    0.1664140170827565E-09
   -0.2825318274954604E-25
    0.4548248795704880E-25
   -0.1509338747619657E-24
    0.1230597414467657E-24
   -0.2317046021963212E-24
    0.1087013801263426E-23
    0.1731047966755018E-21
   -0.5413064016275232E-22
    0.1814028160777354E-23
    0.1582968191364632E-23
    0.4194619507556559E-25
   -0.2530138072341332E-24
    0.1065044719825186E-24
    0.4502006104111962E-25
 itype_mp=
               1
 n=
               3
 m=
               3
 outgoing ampole=
    0.0000000000000000E+00
    0.0000000000000000E+00
   -0.7763068263457839E-21
    0.8922437335993125E-21
   -0.5703235605210895E-21
    0.3301086756401779E-21
    0.4650684900705604E-21
   -0.4924930767520234E-21
    0.2977508453354160E-22
   -0.1585712507993681E-22
   -0.3341862071609471E-22
   -0.3836721255677205E-22
    0.2226778157694329E-22
    0.4367890403368908E-22
    0.2806699121821166E-22
   -0.3270476532908151E-22
   -0.6157117008224665E-23
    0.5774538198226808E-23
   -0.2631862107818101E-24
   -0.2112103247409824E-24
   -0.1072384428959195E-15
    0.2505573035056264E-13
   -0.1770269923604102E-24
    0.4252497116912617E-24
    0.4842893239400349E-24
   -0.2235502557961160E-24
    0.1185553866138265E-23
   -0.2959471032356139E-24
   -0.2087439202943797E-24
    0.5984768977079740E-24
   -0.1286245856162510E-13
   -0.1745738035657245E-12
 outgoing bmpole=
    0.0000000000000000E+00
    0.0000000000000000E+00
    0.2134512512201781E-22
    0.1835392083383687E-21
    0.7763797336439104E-20
    0.1346701504628165E-19
    0.7097420647557371E-22
    0.1229686114060802E-22
   -0.9557505031555782E-14
    0.1233848987659494E-12
    0.1033235870968319E-22
   -0.2885072997796998E-23
    0.3031846082061381E-21
    0.2189437434732233E-21
    0.1070041590177563E-22
    0.3942965208507859E-23
   -0.1398724685833468E-23
    0.1192308510475297E-23
   -0.2585170718131523E-25
    0.1510705411216233E-25
    0.1116462587440792E-24
   -0.1295473992564252E-24
   -0.1470409723336963E-24
    0.8333099732171353E-25
    0.7598980300530615E-23
    0.1400436164507350E-22
   -0.3289559755313724E-26
    0.2006474549915444E-25
   -0.7467222831957426E-25
    0.1712200353900671E-24
    0.1235980775084707E-25
   -0.7347525360404820E-25
 itype_mp=
               2
 n=
               1
 m=
              -1
 outgoing ampole=
    0.0000000000000000E+00
    0.0000000000000000E+00
    0.3092172784128754E-17
    0.2352019229039194E-17
   -0.3748547767315669E-17
    0.7859650560211744E-17
    0.7411353394089843E-18
    0.1684983726743546E-17
    0.6993942574121467E-19
    0.5532234257681760E-19
    0.2527318120535404E-08
   -0.1004191581877376E-05
    0.1236994739241802E-20
    0.1537832715877131E-18
    0.2383247995881783E-19
    0.4610180947206090E-18
   -0.2765903115910215E-19
    0.1872185117454547E-18
    0.2101339462963744E-21
   -0.6843063458002874E-21
    0.1566574652465396E-20
    0.9150390366731364E-21
   -0.4135050630840450E-20
   -0.3922321986756769E-20
   -0.8479727345260950E-20
    0.1569042489072123E-19
    0.4172984631797765E-20
    0.8874581202337268E-20
   -0.1385733726053748E-20
    0.1845594010819461E-20
    0.1803058940849858E-21
   -0.1101631560596397E-20
 outgoing bmpole=
    0.0000000000000000E+00
    0.0000000000000000E+00
   -0.3516861826642185E-05
    0.7655823323118648E-03
   -0.2981573362709955E-16
   -0.8477938304167058E-16
    0.2118864981855874E-17
    0.2272543387107561E-17
    0.1204678786711436E-19
    0.3133042298465459E-19
   -0.8571247864189970E-19
    0.6030081837640453E-19
    0.3151353779845455E-19
   -0.1600251794113830E-17
    0.6222987743018320E-19
    0.1892864116880021E-18
    0.1567323697722722E-19
    0.2452909204813133E-19
    0.4222742638177301E-21
   -0.5323320853880583E-21
    0.1478963108974546E-20
    0.9939437650355779E-21
   -0.3015106940956307E-08
    0.6572282013970915E-06
   -0.4015883047920696E-19
   -0.9451452220955880E-19
    0.4343889840705703E-20
    0.1160814495805283E-19
   -0.1837200691194956E-20
    0.3122273100915373E-20
    0.7316901462302623E-21
    0.1045047712111872E-20
 itype_mp=
               2
 n=
               1
 m=
               0
 outgoing ampole=
    0.0000000000000000E+00
    0.0000000000000000E+00
   -0.3364087983249406E-17
   -0.5603778780402960E-17
   -0.1000770305357753E-15
    0.9107981096237566E-17
   -0.3787337610998640E-17
    0.7231043219746243E-17
    0.4931446458073361E-19
    0.3360267183646633E-18
   -0.5845510732726360E-18
   -0.1802299194945998E-18
   -0.4475277896361614E-17
    0.6266483128090257E-18
   -0.6251811940826810E-18
    0.1669736910530668E-18
   -0.1125112791832761E-19
   -0.3324169890147586E-18
   -0.1916983206968327E-20
    0.1407164278700580E-20
   -0.7357910854153231E-20
    0.1982954782815738E-19
   -0.1830739026367003E-20
    0.3401741593828030E-19
   -0.7257153399198701E-19
    0.8813054019592914E-20
    0.2386609921665642E-21
   -0.3630566560061126E-19
   -0.6487375639214210E-20
   -0.2106531993493396E-19
   -0.2309801433239301E-20
   -0.1317186889140273E-20
 outgoing bmpole=
    0.0000000000000000E+00
    0.0000000000000000E+00
   -0.4349564560759879E-17
   -0.1607545287911841E-17
   -0.9179019469547135E-04
    0.3916448439234649E-02
    0.4505502942559385E-17
   -0.1359786798339964E-17
    0.3557643952904168E-19
    0.1582839635195911E-19
    0.4590871630536869E-19
    0.1214262553262764E-18
   -0.1709826414614141E-17
   -0.3519922033745213E-17
   -0.6477128098182619E-19
    0.1171673311270086E-18
   -0.3740839021553127E-19
    0.1394722269141665E-19
    0.1944173717006876E-21
   -0.4155261685977097E-20
    0.3225308623198266E-20
   -0.4736582668775115E-20
    0.3155921618334329E-20
   -0.7165587632418617E-21
   -0.9659079869427305E-07
    0.4122506264394097E-05
   -0.2579959318683032E-20
   -0.1396961045033540E-20
   -0.2734989115273306E-20
   -0.5007609981749672E-20
    0.3354987083372890E-21
   -0.4033775908304480E-20
 itype_mp=
               2
 n=
               1
 m=
               1
 outgoing ampole=
    0.0000000000000000E+00
    0.0000000000000000E+00
    0.9157698908313562E-18
   -0.1544728212503146E-17
   -0.2534460972172213E-17
   -0.8377938515178218E-17
    0.2964845255997481E-17
   -0.1953167610418059E-17
   -0.2866917219183941E-19
   -0.1897096222583915E-18
    0.2352430133866070E-19
   -0.4587581181727900E-18
    0.8230937313363269E-20
   -0.2799438942145369E-18
   -0.2527318120916994E-08
    0.1004191581877404E-05
    0.6769657022784891E-19
   -0.6388285980340446E-19
    0.1138281274972722E-21
    0.1117147498069586E-20
   -0.1303606263911181E-20
   -0.1704077960417448E-20
    0.4761653949207277E-20
   -0.8185994597923688E-20
   -0.8644784818036078E-20
   -0.1765151900505878E-19
   -0.4585870750258603E-20
    0.5086552329572582E-20
    0.1409275148426862E-20
   -0.8885549365033834E-21
    0.2461148702643723E-21
    0.7459688214480458E-21
 outgoing bmpole=
    0.0000000000000000E+00
    0.0000000000000000E+00
   -0.2054883676104364E-17
    0.2179576170026828E-17
    0.2339947187646261E-16
   -0.8939409892287746E-16
   -0.3516861826640533E-05
    0.7655823323118638E-03
   -0.1586638364715209E-19
    0.2297535817150582E-19
   -0.8994562201591150E-19
    0.1739652259817182E-18
   -0.5135442246002109E-18
   -0.1441999999412879E-17
    0.9724061223246131E-19
    0.9412609710028253E-19
   -0.1752016856886334E-19
    0.3475115216516604E-19
   -0.8243426974238778E-21
    0.9935633904908419E-21
    0.1503399038518797E-20
    0.3224740151351188E-20
   -0.5372242872249710E-20
    0.1113913896445324E-19
    0.2897595053207910E-19
   -0.9891696047057350E-19
   -0.3015106940945411E-08
    0.6572282013970916E-06
   -0.1456575350055796E-20
    0.8666562305707229E-21
   -0.3613474576191314E-21
   -0.5394129038362215E-21
 itype_mp=
               2
 n=
               2
 m=
              -2
 outgoing ampole=
    0.0000000000000000E+00
    0.0000000000000000E+00
    0.5795470162399306E-20
   -0.6043297136108996E-19
   -0.1558014135238809E-20
    0.2399427373440032E-18
    0.1045239153366256E-19
    0.1226636513397632E-18
    0.1687625716372601E-20
    0.5187138406984977E-21
    0.1361122239027311E-20
   -0.2396677307280991E-20
   -0.1836498461266213E-21
    0.3252327755694681E-20
   -0.2179186666493018E-20
    0.2821225458487033E-20
    0.5564336197281461E-21
   -0.2293148552071956E-20
    0.1164949292504765E-22
    0.1079156022936554E-22
    0.4499879661630451E-12
   -0.1662056654558080E-09
   -0.1320025068435611E-22
   -0.2862631944642585E-22
    0.1587332234763848E-22
    0.3142060937121750E-21
   -0.4507647352124645E-22
    0.1314256751163790E-21
   -0.6629384922542366E-23
    0.1422851593715903E-22
    0.5006700679835378E-14
    0.6589918995604742E-13
 outgoing bmpole=
    0.0000000000000000E+00
    0.0000000000000000E+00
    0.1599532643787755E-19
   -0.7072057293814073E-20
    0.2255890171545013E-17
    0.1255145309649554E-17
    0.1943290913667884E-19
    0.1755013037915639E-19
   -0.9226813716259354E-09
    0.2618261145967884E-06
   -0.1296784601746244E-21
    0.2400811267992463E-20
    0.2663608279004544E-20
   -0.9819228008381051E-19
   -0.1053043937431433E-20
    0.3196926830244885E-20
    0.9205732773020432E-21
    0.1671056434006297E-20
   -0.7631003057513498E-24
    0.1353614805447586E-22
    0.9353864694974341E-23
    0.4046704462885452E-24
   -0.9972370353040824E-22
    0.1155995403732343E-21
    0.2642873506769579E-20
    0.1309420952392954E-20
   -0.1566523970692265E-22
    0.1012526472275701E-21
    0.5406856955820690E-22
   -0.2486803084713146E-22
   -0.2813752770658991E-22
   -0.2158442668999735E-22
 itype_mp=
               2
 n=
               2
 m=
              -1
 outgoing ampole=
    0.0000000000000000E+00
    0.0000000000000000E+00
    0.6095575753296696E-08
   -0.1547061464000288E-05
   -0.5025023612006489E-19
    0.2139701280785386E-19
    0.1386546975190274E-18
   -0.7037601211977061E-19
    0.1984969931914829E-20
    0.7343987473839871E-21
   -0.1908454039292131E-20
   -0.6612999557538352E-20
   -0.1988447642038130E-20
    0.8974230973178006E-20
    0.6443661826149930E-20
    0.2933582247085986E-20
   -0.1973466736891603E-20
   -0.1031007293477055E-20
    0.1266521835769443E-23
    0.2143473258688351E-22
    0.7354186527566859E-22
   -0.2894608486040724E-23
    0.5065561430324601E-11
   -0.1562678366101338E-08
   -0.9444574547594247E-22
    0.8482686742817798E-21
    0.1843896955158331E-21
    0.6315304227031752E-21
   -0.1324205008487655E-22
    0.9898934031251470E-22
   -0.4058721790535080E-23
   -0.2542866530661191E-22
 outgoing bmpole=
    0.0000000000000000E+00
    0.0000000000000000E+00
   -0.1188754719891566E-18
    0.3902499039053953E-19
    0.3374296935074437E-17
   -0.6324684547540866E-17
    0.7792638831362022E-19
    0.1986468022429482E-18
   -0.3499027817566340E-21
    0.1345572862033706E-20
   -0.6057380433894517E-08
    0.1497245962505907E-05
    0.6817315027282281E-21
   -0.4057603238577153E-19
    0.8825960139651889E-20
    0.7618091222692732E-20
   -0.1177505832421106E-20
   -0.9654491137007915E-21
    0.1146422034781895E-22
   -0.3016084728225098E-22
    0.4256641951999381E-22
   -0.1026945959223988E-22
   -0.4921189119082680E-21
    0.1591334527363681E-21
    0.3092555294622856E-20
   -0.6622743781538427E-20
    0.2214619757067945E-21
    0.3312221071715411E-21
    0.6726124410121867E-22
    0.6636595319132142E-22
    0.2963081129018276E-22
    0.2242799084175056E-22
 itype_mp=
               2
 n=
               2
 m=
               0
 outgoing ampole=
    0.0000000000000000E+00
    0.0000000000000000E+00
   -0.2411051953922370E-18
   -0.1388503855925039E-18
    0.1132907972067675E-16
   -0.4955507645542097E-18
   -0.2538903613096648E-18
    0.2035507747910475E-18
   -0.5169751946338499E-20
    0.1342019703992466E-19
   -0.5612250850098046E-20
    0.1690669548718499E-19
    0.1639832281817526E-19
    0.1747623171681035E-20
   -0.8617967367647174E-20
   -0.1516573373574831E-19
   -0.5080211360513631E-20
   -0.1487309613270468E-19
    0.1053485312976304E-21
    0.6597904749025407E-22
   -0.2176333465538118E-21
    0.5225700966427619E-21
   -0.7692131251917572E-21
   -0.9656621600203192E-22
    0.9387469316899794E-20
   -0.3865384597595591E-21
   -0.5163968640062897E-21
    0.2039365973651488E-21
   -0.2654788997364110E-21
   -0.5088077746445324E-21
    0.1116046606358378E-21
   -0.5696605175303340E-22
 outgoing bmpole=
    0.0000000000000000E+00
    0.0000000000000000E+00
    0.3866571618318622E-19
    0.1873859768636998E-18
   -0.1103789429568625E-17
   -0.9589418632826178E-17
   -0.5699057337134872E-19
    0.1614773039612713E-18
    0.2469625621069269E-20
    0.2396944823444322E-20
    0.1545407436041843E-20
    0.1710462818846945E-20
   -0.3922566303475494E-07
    0.4293930364325750E-05
   -0.1552333596708081E-20
    0.9721537375442707E-21
   -0.2589690219124191E-20
    0.2033590994600209E-20
   -0.3753716789862468E-22
    0.2155882455717858E-22
    0.1785842812760500E-21
   -0.1467984496427852E-21
    0.6422749586069552E-21
    0.1431820177590070E-21
   -0.1371951271766128E-20
   -0.9082905234591108E-20
   -0.6672224083150755E-21
    0.7410171599638928E-22
   -0.1589364730614155E-21
   -0.1574188935762701E-21
    0.3390558373215788E-22
    0.2508408149857150E-22
 itype_mp=
               2
 n=
               2
 m=
               1
 outgoing ampole=
    0.0000000000000000E+00
    0.0000000000000000E+00
    0.1139704460961642E-18
    0.8856711122626769E-19
    0.2431186892350669E-20
   -0.3953032842307149E-19
   -0.6095575753466228E-08
    0.1547061464000239E-05
   -0.1588510977858525E-20
    0.4373889270459225E-21
    0.6177750759799076E-20
   -0.2721709445727961E-20
   -0.5137380400605441E-20
   -0.1334042915394147E-19
   -0.1945147643039002E-20
    0.4241736285773791E-20
    0.1778447453823421E-20
    0.5393125852749724E-21
   -0.2257167628103958E-23
    0.2768792290474188E-22
    0.5788380984071040E-22
   -0.9873018402928795E-22
   -0.2066562361730735E-22
   -0.5885522790880551E-21
    0.2472225543781641E-21
   -0.7103494622945498E-21
   -0.5065561430569458E-11
    0.1562678366101286E-08
    0.3780337783068926E-22
   -0.1434346428859024E-22
    0.1412401743585792E-22
   -0.1411147761570178E-22
 outgoing bmpole=
    0.0000000000000000E+00
    0.0000000000000000E+00
   -0.1038240930533521E-18
    0.1793813582245144E-18
   -0.4039566830692102E-17
   -0.5893668925570138E-17
    0.1281529408933502E-18
    0.3647676517673162E-19
    0.1542531637286037E-20
   -0.9496990995846883E-21
   -0.9602534482161004E-20
    0.6588337911231290E-20
   -0.1124571071602016E-19
   -0.3728966319829300E-19
   -0.6057380433895965E-08
    0.1497245962505907E-05
    0.1894934023193793E-21
    0.1465546546392497E-20
   -0.3302257139616351E-22
    0.1712260193069324E-22
   -0.7758674101478128E-22
    0.6064701146136497E-22
   -0.2738687578480605E-21
    0.2686847178216391E-21
   -0.4109666377396890E-20
   -0.5892858324425635E-20
    0.4998665440694748E-21
    0.1766536714645120E-21
   -0.3963445281973794E-22
   -0.1036664319844991E-22
   -0.6947599186895072E-23
   -0.3263272667474706E-22
 itype_mp=
               2
 n=
               2
 m=
               2
 outgoing ampole=
    0.0000000000000000E+00
    0.0000000000000000E+00
    0.8355064813148779E-20
   -0.1224239568574187E-18
   -0.1826814376153637E-19
   -0.2867088429528472E-18
   -0.1228434222015215E-19
    0.5719923597874678E-19
    0.6069941745976747E-21
    0.2250747240184018E-20
   -0.1983364834934844E-20
   -0.2832193621183597E-20
    0.1962899848440035E-21
   -0.3050353052379897E-20
    0.8255548800389707E-21
    0.2713951476991367E-20
    0.1741824909057434E-20
   -0.1289427907254646E-20
   -0.5006700685664304E-14
   -0.6589918995557091E-13
    0.3268713120698695E-23
   -0.1264849859748625E-22
   -0.5437266019699312E-22
   -0.1170048819368259E-21
    0.7020209317408514E-23
   -0.3373211621999804E-21
   -0.4471699867677064E-22
    0.4037822090274858E-22
   -0.4499879662688527E-12
    0.1662056654558180E-09
    0.1557445663391731E-22
   -0.1275299709878736E-22
 outgoing bmpole=
    0.0000000000000000E+00
    0.0000000000000000E+00
   -0.1728368428047888E-19
    0.1199970502236814E-19
   -0.1895315434363662E-17
    0.1641079776566178E-17
   -0.1372678937283203E-19
   -0.6649916788078007E-20
   -0.1093957190660843E-20
    0.1635535303444024E-20
    0.7632403337430932E-21
    0.3400815946103505E-20
   -0.2495759651259664E-19
   -0.9596587263454955E-19
    0.6905260965977294E-23
    0.2300338048961472E-20
   -0.9226813716252412E-09
    0.2618261145967880E-06
    0.3049481796125299E-22
   -0.1655177886733594E-22
   -0.5117944724348448E-22
   -0.3158859071205904E-22
   -0.6505031705994046E-25
    0.1033021240843381E-21
   -0.2220809987038770E-20
    0.1806383430045626E-20
    0.8038364340210546E-22
    0.1237815934183120E-21
   -0.5754591638593688E-23
    0.7435068367573917E-24
   -0.1402369887460885E-23
    0.1647229469478378E-22
 itype_mp=
               2
 n=
               3
 m=
              -3
 outgoing ampole=
    0.0000000000000000E+00
    0.0000000000000000E+00
    0.3126595158929187E-21
   -0.3290448808969326E-22
   -0.1564969555485411E-21
    0.2233759963812509E-21
    0.7648287109628701E-21
   -0.2129294902031817E-20
    0.2395105649821422E-23
   -0.1726524238496926E-22
   -0.3745226286631753E-23
   -0.1396099977382818E-23
   -0.2717379027834043E-22
    0.3548351110180463E-22
   -0.1942836136190222E-22
    0.6269910078066550E-25
    0.3663228423703966E-14
    0.4037140031205276E-13
    0.3089397672389381E-24
    0.3010863068738208E-25
    0.1870523173289854E-24
   -0.5944658492766848E-24
    0.1015594809520155E-24
    0.1177828732790127E-23
   -0.5060993041139344E-24
    0.7344938410201711E-24
    0.1237262255405133E-23
   -0.8803345618985316E-24
    0.1864645132591667E-24
    0.7563079031667776E-25
    0.6818527209897373E-25
   -0.6829956733477182E-25
 outgoing bmpole=
    0.0000000000000000E+00
    0.0000000000000000E+00
   -0.3975122989494193E-22
   -0.5200514215151519E-21
   -0.1476306757071472E-20
   -0.4523954343252684E-20
    0.5037412954320748E-21
    0.9811406086561660E-21
    0.7031181660045131E-23
    0.5582963055138383E-23
   -0.3357758906119902E-22
   -0.4692243954673054E-22
   -0.1025855256116657E-22
    0.2314801817149686E-22
    0.5351028631500572E-22
   -0.4164735520105056E-22
   -0.2926689525940165E-22
   -0.2341550167904604E-22
   -0.1490546420988964E-12
    0.4313909549073313E-10
    0.9977974085173096E-25
    0.6994021421506277E-24
   -0.1424759507759189E-23
   -0.1803048164441911E-24
   -0.3155877700389974E-23
   -0.6502941735968023E-23
    0.1881993516596734E-25
    0.3082767017973327E-24
    0.2174981904777255E-15
   -0.4031246336575104E-13
    0.3062908220753409E-24
   -0.1928517800525616E-24
 itype_mp=
               2
 n=
               3
 m=
              -2
 outgoing ampole=
    0.0000000000000000E+00
    0.0000000000000000E+00
    0.1690434636087575E-20
   -0.3797057543277103E-20
   -0.6552808420788913E-21
    0.1574867653528652E-20
   -0.1616065142681601E-20
    0.2537390809193012E-21
    0.7022086197279709E-12
   -0.2256354311204649E-09
   -0.8777874109293170E-23
   -0.7908446578467941E-22
   -0.1599433161214517E-21
    0.4865784615783807E-21
   -0.2127589486490583E-22
    0.5124606503806393E-22
   -0.2023090985189473E-22
    0.3289612820958917E-23
    0.3879506860803678E-24
    0.2930856403679546E-24
    0.1892668927609322E-23
   -0.9284691840603550E-24
    0.3786503194645690E-23
   -0.3712635816538469E-23
    0.3442572502238415E-24
    0.7668883764235149E-24
   -0.1491846729199960E-23
    0.2595481526066299E-23
   -0.9927357623605371E-25
   -0.5253662152913264E-24
    0.3583972036811479E-24
    0.5316361253693929E-25
 outgoing bmpole=
    0.0000000000000000E+00
    0.0000000000000000E+00
   -0.1438016416224719E-20
   -0.7605400924694725E-22
    0.3811496728192885E-19
   -0.4468596680182426E-19
   -0.1390883412197867E-20
   -0.3080448620754617E-21
    0.3183665321396114E-22
   -0.6555452232871831E-23
   -0.7885456908181698E-22
    0.6436389252951879E-22
    0.1071550622011860E-20
    0.1204188479743331E-20
    0.1585242264737826E-23
    0.6542363795583867E-22
    0.6397659495907156E-22
    0.4736525194599400E-22
   -0.3288641311454633E-24
    0.5385367002307025E-24
   -0.1024674716506421E-11
    0.2844153741885235E-09
   -0.2845820748245769E-23
   -0.7120409501449074E-24
    0.3545878251114517E-22
   -0.5517425758734489E-22
   -0.2681381028974211E-23
    0.8806677529207466E-24
    0.2688542339842185E-23
    0.4034989201216148E-24
    0.2481688197329860E-15
   -0.4797993679936009E-13
 itype_mp=
               2
 n=
               3
 m=
              -1
 outgoing ampole=
    0.0000000000000000E+00
    0.0000000000000000E+00
   -0.8787571570213912E-21
   -0.5317017504282100E-20
    0.5014590481636586E-21
   -0.4245949665346251E-20
    0.3306834173973340E-20
   -0.2746588448917729E-20
    0.4581214297040626E-22
   -0.5741147661482938E-23
    0.7978136567394059E-11
   -0.2058354137910872E-08
    0.1153914250767368E-21
    0.3402079332984235E-21
    0.1168251445145880E-21
    0.9633089843941448E-22
    0.5531523667872913E-22
    0.6665750400995151E-22
   -0.7814855108240136E-24
    0.1637883384768260E-23
   -0.1734152629091907E-23
    0.3636874403095165E-24
   -0.1231017449459215E-22
   -0.7096885092738203E-23
   -0.9283712167153852E-23
    0.1217203441522568E-22
    0.8013663506965496E-23
    0.1315570819817651E-22
   -0.1142037996094497E-23
    0.1667273588259197E-23
   -0.1211007006953229E-23
   -0.5047930728476705E-24
 outgoing bmpole=
    0.0000000000000000E+00
    0.0000000000000000E+00
   -0.3014435265058744E-08
    0.6572181725740615E-06
    0.1933556000484275E-18
   -0.3385150283177652E-18
    0.3950160387503384E-20
    0.4840872173073622E-20
    0.2529046603864119E-22
    0.6667350534296325E-22
   -0.4502925122636274E-21
    0.7542257705283530E-22
    0.1082222531457235E-19
   -0.1091432271747781E-19
    0.1700330382914536E-21
    0.3578999214380812E-21
    0.6806509882247746E-22
    0.7208933610758318E-22
    0.1640430535737474E-23
   -0.2165037504105285E-24
    0.5056786568264703E-23
    0.2404887714728985E-23
   -0.7571513274664473E-11
    0.1765037105524012E-08
    0.1859762603397281E-21
   -0.3965642199684741E-21
    0.2095592943426179E-22
    0.8828531390587966E-23
   -0.1123652791021833E-23
   -0.1506537748972721E-23
    0.9612964085706488E-24
    0.3663570504599433E-24
 itype_mp=
               2
 n=
               3
 m=
               0
 outgoing ampole=
    0.0000000000000000E+00
    0.0000000000000000E+00
   -0.9552478132560252E-20
   -0.4045498550180438E-20
   -0.6271869759361150E-18
    0.9060758707197034E-19
   -0.1097511132440844E-19
    0.6068455777288246E-20
   -0.1282146974176492E-21
    0.4129115573147490E-21
   -0.9271570747533930E-21
   -0.8132974670826037E-22
    0.3903501659721421E-19
   -0.4360116885377780E-20
   -0.8768533902623751E-21
    0.3207815312834207E-21
   -0.1743720773117290E-21
   -0.3868786620801451E-21
   -0.2609947016846995E-23
    0.1009904539566493E-23
   -0.9224286808484260E-23
    0.1881281620556620E-22
   -0.7129588837574108E-24
    0.5559317411838113E-22
   -0.4537950345942475E-21
    0.6941096594805579E-22
    0.5765012914914849E-23
   -0.6233664201414081E-22
   -0.7179004178672776E-23
   -0.1883052788514220E-22
   -0.2608653031498852E-23
   -0.1563133280063133E-23
 outgoing bmpole=
    0.0000000000000000E+00
    0.0000000000000000E+00
   -0.1476555463504568E-20
    0.1114497416076589E-20
   -0.9662308429182836E-07
    0.4123274270270959E-05
    0.1491168533926516E-20
    0.9507775241181157E-21
    0.1415656871901321E-21
   -0.5654100409899114E-22
    0.5450807719236670E-21
    0.4902324149552822E-21
   -0.5254401806367785E-21
    0.9076541275861871E-20
   -0.6064498680290226E-21
    0.3989504595735758E-21
   -0.1291862722334962E-21
   -0.6353195383603535E-22
    0.9970544894846220E-24
   -0.2950874397835040E-23
    0.2882293174383480E-23
   -0.4913074596153082E-23
   -0.7309996723829153E-25
    0.7326602188801531E-23
   -0.1185065616142358E-09
    0.6895638907751041E-08
   -0.4184185303659724E-24
    0.6365697649610762E-23
   -0.2407327076106403E-23
   -0.5253462136250617E-23
   -0.5663165654886985E-24
   -0.3021149639960036E-23
 itype_mp=
               2
 n=
               3
 m=
               1
 outgoing ampole=
    0.0000000000000000E+00
    0.0000000000000000E+00
    0.2724250849279604E-20
    0.3074964539406335E-20
    0.3360003011435344E-20
    0.4494840015805182E-20
   -0.1257365938331693E-20
    0.4011939901472599E-20
    0.4929403303375922E-22
   -0.6780071761418565E-22
    0.1519324610117086E-21
   -0.1057357635565143E-21
    0.8938801801296878E-22
   -0.4054782197036029E-21
   -0.7978136567736901E-11
    0.2058354137910850E-08
    0.4513499268197507E-22
    0.1200060788941938E-22
   -0.1274685781183592E-23
    0.5688963722395697E-24
   -0.1646243264872349E-23
   -0.1808215941889068E-23
    0.7995376269237803E-23
   -0.1301881516147206E-22
   -0.1725596814297878E-23
   -0.6716984056836187E-23
   -0.1301249856383116E-22
    0.9015085707246688E-23
   -0.1429278251545921E-23
   -0.3617607491917773E-24
   -0.7960826452245123E-24
   -0.1632985017519770E-23
 outgoing bmpole=
    0.0000000000000000E+00
    0.0000000000000000E+00
   -0.4343626504482424E-20
    0.4982087267791889E-20
   -0.2721034970601163E-18
   -0.2907147721005250E-18
   -0.3014435265070077E-08
    0.6572181725740595E-06
   -0.7445570466954679E-22
    0.6375349065879370E-22
   -0.2050994044383769E-21
    0.2837718195701134E-21
   -0.1360445820228389E-19
   -0.6864822919682551E-20
    0.4974623621533393E-21
    0.1500763063823477E-21
   -0.4929246555623970E-22
    0.5059667216404086E-22
   -0.1079298075586761E-23
    0.2623116481293194E-24
    0.2744146972057955E-23
   -0.1658509592857108E-23
   -0.2381312664044217E-22
    0.7200599855279554E-23
   -0.2981107283771625E-21
   -0.3446948785177670E-21
   -0.7571513274668593E-11
    0.1765037105524006E-08
   -0.6341443078031914E-23
    0.1571097719061224E-23
   -0.1750078445608558E-23
   -0.2490819745856907E-24
 itype_mp=
               2
 n=
               3
 m=
               2
 outgoing ampole=
    0.0000000000000000E+00
    0.0000000000000000E+00
   -0.1833020751142912E-20
   -0.4107710687945040E-21
   -0.1770288210841830E-20
   -0.7158732530733265E-21
    0.1816702265179731E-20
    0.3947602264191533E-20
   -0.2408481457987964E-22
    0.1596737099880948E-23
   -0.3205178031907621E-22
   -0.3674167305746998E-22
    0.1698727637150831E-22
   -0.4725422228836157E-21
   -0.3394111322260026E-22
    0.1006445965731243E-21
   -0.7022086197992150E-12
    0.2256354311204489E-09
    0.2947184294507844E-24
   -0.3483718787125727E-24
    0.1938447199135575E-24
    0.6968743805517718E-24
   -0.1431498844698569E-23
   -0.2922823081392023E-23
   -0.2340897052271472E-23
   -0.6727091021258902E-24
    0.3701859408591792E-23
    0.4623928059447455E-23
    0.1900281264571016E-23
    0.9279466915538494E-24
    0.6123612176244997E-24
   -0.1955101647780439E-24
 outgoing bmpole=
    0.0000000000000000E+00
    0.0000000000000000E+00
    0.8983861555057917E-21
    0.5933842897882184E-22
   -0.4675375806593029E-19
   -0.3888586526584729E-19
    0.2276361912822946E-20
    0.1082249178575067E-20
   -0.9554297973960411E-23
    0.1865454995976750E-22
   -0.2486019345953387E-22
    0.1100277782512041E-21
   -0.7000388564174226E-21
    0.1427599483122518E-20
    0.1071381334439752E-21
    0.6626263029815996E-22
    0.1392223327902910E-22
   -0.6666743136757512E-23
    0.2481688179227373E-15
   -0.4797993679946622E-13
   -0.1246936530720899E-23
    0.3699083667150982E-24
    0.6875751364784675E-24
    0.2096331780486159E-23
   -0.4642768404476957E-22
   -0.4959872372253338E-22
    0.5413267285759880E-23
    0.6544177824254891E-24
   -0.1024674716506367E-11
    0.2844153741885233E-09
    0.1657729936070057E-24
    0.8019086407706845E-24
 itype_mp=
               2
 n=
               3
 m=
               3
 outgoing ampole=
    0.0000000000000000E+00
    0.0000000000000000E+00
    0.7158732530733265E-21
    0.2189218522617925E-20
   -0.2982805221138860E-22
   -0.4202678925927488E-21
    0.3497773835550726E-21
    0.5149686144118660E-22
   -0.3663228430732535E-14
   -0.4037140031198588E-13
   -0.2092477990053410E-22
    0.9317086376006893E-23
   -0.4252880005952541E-22
   -0.2281411280405815E-22
   -0.1169965220567218E-22
    0.6077632835672509E-23
    0.2867438875702436E-23
    0.1627459659263474E-22
    0.8901966079588237E-25
    0.7184271964451256E-25
    0.1389830067304752E-24
   -0.1665444864486427E-24
    0.1364097311359354E-23
    0.1060463853516319E-23
   -0.2255208281204562E-24
   -0.4943432227175596E-24
   -0.7373675498059516E-25
   -0.1101806073093570E-23
    0.2524945037688050E-24
    0.4728557183875190E-24
    0.2661966656532776E-24
   -0.6687904083270987E-25
 outgoing bmpole=
    0.0000000000000000E+00
    0.0000000000000000E+00
   -0.5790721750500184E-21
    0.9512874768044653E-21
    0.6506076691007057E-21
   -0.4363666182076938E-20
    0.6934520546341604E-22
   -0.5534240628906741E-21
    0.3301799958673159E-22
   -0.1938447199135575E-22
   -0.4777566980985410E-22
   -0.4839012099750463E-22
   -0.1163198942607971E-24
    0.3017374631600533E-22
    0.3819198163240275E-22
   -0.4191643884190091E-22
   -0.6885928743236589E-23
    0.2497775427349762E-23
   -0.2700796421908823E-24
   -0.2296783173226117E-24
    0.2174981887908829E-15
   -0.4031246336589383E-13
   -0.4794889240365152E-25
    0.2886199622264150E-24
    0.2352194932231478E-23
   -0.5972254669253025E-23
    0.1313312468417462E-23
   -0.2362339654901735E-25
   -0.2349420211283844E-24
    0.6465191652372998E-24
   -0.1490546420987766E-12
    0.4313909549073311E-10
